Sample description: 
Sample:   c= 6.1500 mg/ml  Code: BSA_pI_buffer
Parent(s): analysis/processed/averaged/BSA_pI_buffer_0010_sample.dat analysis/processed/averaged/BSA_pI_buffer_0010_buffer.dat
  2.492870e-02   3.648900e+04   1.648188e+04
  2.768840e-02   6.652600e+04   1.397078e+04
  3.044800e-02   5.679700e+04   1.079080e+04
  3.320760e-02   7.639880e+04   8.220287e+03
  3.596720e-02   7.145960e+04   6.355750e+03
  3.872690e-02   7.940300e+04   5.352351e+03
  4.148650e-02   7.112500e+04   4.435873e+03
  4.424610e-02   7.140770e+04   3.650496e+03
  4.700580e-02   7.916620e+04   3.124753e+03
  4.976540e-02   7.626410e+04   2.677667e+03
  5.252500e-02   8.197210e+04   2.438878e+03
  5.528470e-02   8.360474e+04   2.229998e+03
  5.804430e-02   8.219091e+04   2.001844e+03
  6.080390e-02   8.031761e+04   1.867929e+03
  6.356360e-02   8.143488e+04   1.716915e+03
  6.632320e-02   8.142113e+04   1.641158e+03
  6.908280e-02   7.977776e+04   1.543417e+03
  7.184250e-02   8.112971e+04   1.459279e+03
  7.460210e-02   7.941575e+04   1.433142e+03
  7.736170e-02   7.758234e+04   1.341610e+03
  8.012140e-02   7.950219e+04   1.336874e+03
  8.288100e-02   8.195712e+04   1.340822e+03
  8.564060e-02   8.168070e+04   1.334340e+03
  8.840030e-02   7.981244e+04   1.320006e+03
  9.115990e-02   7.987520e+04   1.258022e+03
  9.391950e-02   7.939494e+04   1.270750e+03
  9.667920e-02   7.633247e+04   1.231299e+03
  9.943880e-02   7.787993e+04   1.211236e+03
  1.021980e-01   7.853151e+04   1.208108e+03
  1.049580e-01   7.818269e+04   1.168739e+03
  1.077180e-01   7.559467e+04   1.170476e+03
  1.104770e-01   7.652930e+04   1.154003e+03
  1.132370e-01   7.665111e+04   1.110915e+03
  1.159970e-01   7.750555e+04   1.133737e+03
  1.187560e-01   7.603913e+04   1.079224e+03
  1.215160e-01   7.697085e+04   1.101072e+03
  1.242750e-01   7.512607e+04   1.088470e+03
  1.270350e-01   7.340631e+04   1.029686e+03
  1.297950e-01   7.520886e+04   1.068448e+03
  1.325540e-01   7.521197e+04   1.020081e+03
  1.353140e-01   7.242322e+04   1.019285e+03
  1.380740e-01   7.692601e+04   1.022377e+03
  1.408330e-01   7.559934e+04   9.990354e+02
  1.435930e-01   7.480247e+04   1.007957e+03
  1.463530e-01   7.505537e+04   9.847426e+02
  1.491120e-01   7.344797e+04   9.933174e+02
  1.518720e-01   7.418243e+04   9.713164e+02
  1.546310e-01   7.463437e+04   9.673451e+02
  1.573910e-01   7.458642e+04   9.580094e+02
  1.601510e-01   7.471236e+04   9.444015e+02
  1.629100e-01   7.358780e+04   9.465979e+02
  1.656700e-01   7.461677e+04   9.267249e+02
  1.684300e-01   7.338752e+04   9.212812e+02
  1.711890e-01   7.278377e+04   9.107872e+02
  1.739490e-01   7.516192e+04   8.997261e+02
  1.767080e-01   7.054867e+04   8.880343e+02
  1.794680e-01   7.118626e+04   8.712359e+02
  1.822280e-01   7.299940e+04   8.940274e+02
  1.849870e-01   7.011894e+04   8.452537e+02
  1.877470e-01   7.147056e+04   8.594611e+02
  1.905070e-01   7.053455e+04   8.580947e+02
  1.932660e-01   7.091005e+04   8.377882e+02
  1.960260e-01   6.918638e+04   8.426425e+02
  1.987860e-01   7.125684e+04   8.241091e+02
  2.015450e-01   6.897328e+04   8.251570e+02
  2.043050e-01   6.980232e+04   8.155261e+02
  2.070640e-01   6.976968e+04   8.077437e+02
  2.098240e-01   6.886409e+04   8.118796e+02
  2.125840e-01   6.860767e+04   7.919196e+02
  2.153430e-01   6.694220e+04   7.939769e+02
  2.181030e-01   6.757831e+04   7.840007e+02
  2.208630e-01   6.707789e+04   7.656195e+02
  2.236220e-01   6.765681e+04   7.806071e+02
  2.263820e-01   6.693648e+04   7.627781e+02
  2.291410e-01   6.654767e+04   7.677731e+02
  2.319010e-01   6.672984e+04   7.489953e+02
  2.346610e-01   6.592354e+04   7.428310e+02
  2.374200e-01   6.551432e+04   7.503555e+02
  2.401800e-01   6.566067e+04   7.353546e+02
  2.429400e-01   6.451464e+04   7.304573e+02
  2.456990e-01   6.569422e+04   7.257516e+02
  2.484590e-01   6.407985e+04   7.186651e+02
  2.512190e-01   6.454655e+04   7.208361e+02
  2.539780e-01   6.284597e+04   6.974586e+02
  2.567380e-01   6.291764e+04   7.079337e+02
  2.594970e-01   6.283988e+04   6.937826e+02
  2.622570e-01   6.231104e+04   6.978061e+02
  2.650170e-01   6.205593e+04   6.868390e+02
  2.677760e-01   6.199813e+04   6.788878e+02
  2.705360e-01   6.072675e+04   6.799062e+02
  2.732960e-01   6.173088e+04   6.732109e+02
  2.760550e-01   6.076523e+04   6.755915e+02
  2.788150e-01   6.099432e+04   6.597259e+02
  2.815740e-01   5.949929e+04   6.592659e+02
  2.843340e-01   5.966461e+04   6.565580e+02
  2.870940e-01   6.004173e+04   6.519996e+02
  2.898530e-01   6.046317e+04   6.511358e+02
  2.926130e-01   5.902076e+04   6.332428e+02
  2.953730e-01   5.836853e+04   6.409462e+02
  2.981320e-01   6.006228e+04   6.443977e+02
  3.008920e-01   5.883306e+04   6.297918e+02
  3.036520e-01   5.827437e+04   6.244414e+02
  3.064110e-01   5.743092e+04   6.187818e+02
  3.091710e-01   5.531529e+04   6.141626e+02
  3.119300e-01   5.676830e+04   6.105290e+02
  3.146900e-01   5.647254e+04   6.086107e+02
  3.174500e-01   5.557838e+04   6.033172e+02
  3.202090e-01   5.496610e+04   5.920866e+02
  3.229690e-01   5.538874e+04   6.018624e+02
  3.257290e-01   5.603020e+04   5.884102e+02
  3.284880e-01   5.377403e+04   5.878703e+02
  3.312480e-01   5.392396e+04   5.852729e+02
  3.340070e-01   5.333651e+04   5.749866e+02
  3.367670e-01   5.252091e+04   5.679680e+02
  3.395270e-01   5.259474e+04   5.625582e+02
  3.422860e-01   5.243925e+04   5.700105e+02
  3.450460e-01   5.293734e+04   5.672671e+02
  3.478060e-01   5.260713e+04   5.589561e+02
  3.505650e-01   5.252503e+04   5.610832e+02
  3.533250e-01   5.111278e+04   5.467474e+02
  3.560850e-01   5.137321e+04   5.546360e+02
  3.588440e-01   5.080678e+04   5.406830e+02
  3.616040e-01   5.026812e+04   5.387689e+02
  3.643630e-01   5.039401e+04   5.421353e+02
  3.671230e-01   5.020366e+04   5.368485e+02
  3.698830e-01   4.820477e+04   5.288614e+02
  3.726420e-01   4.957705e+04   5.228272e+02
  3.754020e-01   4.787292e+04   5.230763e+02
  3.781620e-01   4.962301e+04   5.241985e+02
  3.809210e-01   4.776330e+04   5.146089e+02
  3.836810e-01   4.888484e+04   5.186344e+02
  3.864410e-01   4.770048e+04   5.082270e+02
  3.892000e-01   4.671460e+04   5.095299e+02
  3.919600e-01   4.692953e+04   5.019379e+02
  3.947190e-01   4.643674e+04   4.989477e+02
  3.974790e-01   4.654540e+04   4.993916e+02
  4.002390e-01   4.616053e+04   4.951721e+02
  4.029980e-01   4.542729e+04   4.960852e+02
  4.057580e-01   4.509343e+04   4.841996e+02
  4.085180e-01   4.524348e+04   4.865475e+02
  4.112770e-01   4.476199e+04   4.824616e+02
  4.140370e-01   4.463832e+04   4.801580e+02
  4.167960e-01   4.388073e+04   4.801969e+02
  4.195560e-01   4.397562e+04   4.696210e+02
  4.223160e-01   4.277990e+04   4.704933e+02
  4.250750e-01   4.355043e+04   4.680833e+02
  4.278350e-01   4.246016e+04   4.628486e+02
  4.305950e-01   4.216396e+04   4.638199e+02
  4.333540e-01   4.238086e+04   4.595293e+02
  4.361140e-01   4.198556e+04   4.630736e+02
  4.388740e-01   4.193925e+04   4.546937e+02
  4.416330e-01   4.097044e+04   4.471425e+02
  4.443930e-01   4.069158e+04   4.477640e+02
  4.471520e-01   4.138624e+04   4.463495e+02
  4.499120e-01   3.997125e+04   4.441114e+02
  4.526720e-01   3.987765e+04   4.341493e+02
  4.554310e-01   3.911486e+04   4.332772e+02
  4.581910e-01   3.889566e+04   4.308193e+02
  4.609510e-01   3.940540e+04   4.328293e+02
  4.637100e-01   3.860202e+04   4.288095e+02
  4.664700e-01   3.878521e+04   4.242514e+02
  4.692290e-01   3.763281e+04   4.351988e+02
  4.719890e-01   3.827339e+04   4.392455e+02
  4.747490e-01   3.755049e+04   4.447416e+02
  4.775080e-01   3.733024e+04   4.421607e+02
  4.802680e-01   3.687352e+04   4.439449e+02
  4.830280e-01   3.661341e+04   4.561741e+02
  4.857870e-01   3.621209e+04   4.542741e+02
  4.885470e-01   3.594160e+04   4.631800e+02
  4.913070e-01   3.616545e+04   4.674295e+02
  4.940660e-01   3.547205e+04   4.654817e+02
  4.968260e-01   3.502530e+04   4.712315e+02
  4.995850e-01   3.488792e+04   4.667287e+02
  5.023450e-01   3.459706e+04   4.725748e+02
  5.051050e-01   3.388971e+04   4.641318e+02
  5.078640e-01   3.438314e+04   4.700310e+02
  5.106240e-01   3.373256e+04   4.678113e+02
  5.133840e-01   3.378762e+04   4.562395e+02
  5.161430e-01   3.298863e+04   4.457301e+02
  5.189030e-01   3.237376e+04   4.249260e+02
  5.216620e-01   3.251143e+04   4.256848e+02
  5.244220e-01   3.256882e+04   4.217250e+02
  5.271820e-01   3.168987e+04   4.084881e+02
  5.299410e-01   3.212250e+04   4.119352e+02
  5.327010e-01   3.157539e+04   4.014392e+02
  5.354610e-01   3.100113e+04   4.005118e+02
  5.382200e-01   3.118988e+04   3.993565e+02
  5.409800e-01   3.095546e+04   3.914249e+02
  5.437400e-01   3.032950e+04   3.890657e+02
  5.464990e-01   3.025580e+04   3.855999e+02
  5.492590e-01   3.068229e+04   3.889676e+02
  5.520180e-01   2.975007e+04   3.796041e+02
  5.547780e-01   2.996600e+04   3.798397e+02
  5.575380e-01   2.843540e+04   3.707420e+02
  5.602970e-01   2.862124e+04   3.660969e+02
  5.630570e-01   2.849981e+04   3.687951e+02
  5.658170e-01   2.853237e+04   3.633456e+02
  5.685760e-01   2.775489e+04   3.615384e+02
  5.713360e-01   2.785618e+04   3.582309e+02
  5.740950e-01   2.758512e+04   3.579527e+02
  5.768550e-01   2.798719e+04   3.605336e+02
  5.796150e-01   2.719585e+04   3.509467e+02
  5.823740e-01   2.692420e+04   3.488639e+02
  5.851340e-01   2.646986e+04   3.444061e+02
  5.878940e-01   2.619330e+04   3.458231e+02
  5.906530e-01   2.574177e+04   3.418884e+02
  5.934130e-01   2.638121e+04   3.392947e+02
  5.961730e-01   2.541258e+04   3.392172e+02
  5.989320e-01   2.554308e+04   3.344616e+02
  6.016920e-01   2.523041e+04   3.350150e+02
  6.044510e-01   2.500464e+04   3.315179e+02
  6.072110e-01   2.454188e+04   3.237653e+02
  6.099710e-01   2.384630e+04   3.250962e+02
  6.127300e-01   2.424954e+04   3.226653e+02
  6.154900e-01   2.372776e+04   3.215177e+02
  6.182500e-01   2.361119e+04   3.185165e+02
  6.210090e-01   2.323163e+04   3.175619e+02
  6.237690e-01   2.302286e+04   3.148781e+02
  6.265280e-01   2.267498e+04   3.102408e+02
  6.292880e-01   2.322832e+04   3.132088e+02
  6.320480e-01   2.251854e+04   3.066530e+02
  6.348070e-01   2.263484e+04   3.100270e+02
  6.375670e-01   2.259348e+04   3.096880e+02
  6.403270e-01   2.197196e+04   3.022281e+02
  6.430860e-01   2.225375e+04   3.046340e+02
  6.458460e-01   2.165535e+04   2.989994e+02
  6.486060e-01   2.145406e+04   2.987025e+02
  6.513650e-01   2.163953e+04   2.975901e+02
  6.541250e-01   2.069302e+04   2.924105e+02
  6.568840e-01   2.137791e+04   2.960829e+02
  6.596440e-01   2.072214e+04   2.907479e+02
  6.624040e-01   2.061625e+04   2.914682e+02
  6.651630e-01   2.062336e+04   2.868635e+02
  6.679230e-01   2.000959e+04   2.870829e+02
  6.706830e-01   1.960913e+04   2.831118e+02
  6.734420e-01   1.959623e+04   2.818497e+02
  6.762020e-01   1.968749e+04   2.787904e+02
  6.789610e-01   1.896354e+04   2.752940e+02
  6.817210e-01   1.897829e+04   2.755261e+02
  6.844810e-01   1.917166e+04   2.759998e+02
  6.872400e-01   1.851944e+04   2.697500e+02
  6.900000e-01   1.788332e+04   2.675100e+02
  6.927600e-01   1.850841e+04   2.697235e+02
  6.955190e-01   1.768677e+04   2.656697e+02
  6.982790e-01   1.737320e+04   2.605259e+02
  7.010390e-01   1.760131e+04   2.617387e+02
  7.037980e-01   1.729598e+04   2.624401e+02
  7.065580e-01   1.752803e+04   2.624389e+02
  7.093170e-01   1.764347e+04   2.622254e+02
  7.120770e-01   1.689153e+04   2.578199e+02
  7.148370e-01   1.673048e+04   2.567246e+02
  7.175960e-01   1.684497e+04   2.558948e+02
  7.203560e-01   1.636880e+04   2.536805e+02
  7.231160e-01   1.593788e+04   2.498319e+02
  7.258750e-01   1.621646e+04   2.509964e+02
  7.286350e-01   1.540810e+04   2.464841e+02
  7.313940e-01   1.618690e+04   2.498164e+02
  7.341540e-01   1.568566e+04   2.457478e+02
  7.369140e-01   1.508094e+04   2.449897e+02
  7.396730e-01   1.510498e+04   2.425718e+02
  7.424330e-01   1.496839e+04   2.430702e+02
  7.451930e-01   1.465622e+04   2.371501e+02
  7.479520e-01   1.459753e+04   2.380575e+02
  7.507120e-01   1.455182e+04   2.383145e+02
  7.534720e-01   1.420266e+04   2.350491e+02
  7.562310e-01   1.424996e+04   2.364163e+02
  7.589910e-01   1.419233e+04   2.321308e+02
  7.617500e-01   1.364125e+04   2.305263e+02
  7.645100e-01   1.434114e+04   2.330248e+02
  7.672700e-01   1.320050e+04   2.278271e+02
  7.700290e-01   1.354126e+04   2.275406e+02
  7.727890e-01   1.360517e+04   2.274139e+02
  7.755490e-01   1.353070e+04   2.295625e+02
  7.783080e-01   1.317694e+04   2.232692e+02
  7.810680e-01   1.294490e+04   2.225092e+02
  7.838280e-01   1.278810e+04   2.213579e+02
  7.865870e-01   1.243644e+04   2.190565e+02
  7.893470e-01   1.268167e+04   2.225744e+02
  7.921060e-01   1.224378e+04   2.144570e+02
  7.948660e-01   1.239625e+04   2.176407e+02
  7.976260e-01   1.203455e+04   2.166989e+02
  8.003850e-01   1.179196e+04   2.127695e+02
  8.031450e-01   1.178441e+04   2.137766e+02
  8.059050e-01   1.164793e+04   2.096293e+02
  8.086640e-01   1.112512e+04   2.095521e+02
  8.114240e-01   1.154861e+04   2.094984e+02
  8.141830e-01   1.091663e+04   2.059465e+02
  8.169430e-01   1.101944e+04   2.065167e+02
  8.197030e-01   1.141141e+04   2.072530e+02
  8.224620e-01   1.117635e+04   2.075599e+02
  8.252220e-01   1.065308e+04   2.028521e+02
  8.279820e-01   1.060833e+04   2.013423e+02
  8.307410e-01   1.034450e+04   2.007946e+02
  8.335010e-01   1.056588e+04   1.998204e+02
  8.362610e-01   1.002907e+04   1.992658e+02
  8.390200e-01   1.015784e+04   1.961951e+02
  8.417800e-01   9.785774e+03   1.962382e+02
  8.445390e-01   1.006025e+04   1.976061e+02
  8.472990e-01   9.747989e+03   1.945635e+02
  8.500590e-01   9.521319e+03   1.927710e+02
  8.528180e-01   9.414923e+03   1.910995e+02
  8.555780e-01   9.481128e+03   1.926606e+02
  8.583380e-01   9.749446e+03   1.925951e+02
  8.610970e-01   9.321386e+03   1.909104e+02
  8.638570e-01   9.274846e+03   1.886357e+02
  8.666160e-01   9.270889e+03   1.890796e+02
  8.693760e-01   8.959970e+03   1.884855e+02
  8.721360e-01   8.644508e+03   1.855708e+02
  8.748950e-01   9.000852e+03   1.929362e+02
  8.776550e-01   8.326485e+03   1.883339e+02
  8.804150e-01   8.349897e+03   1.892719e+02
  8.831740e-01   8.174765e+03   1.899372e+02
  8.859340e-01   8.224677e+03   1.875719e+02
  8.886940e-01   7.872272e+03   1.875563e+02
  8.914530e-01   8.052723e+03   1.868387e+02
  8.942130e-01   8.053508e+03   1.842704e+02
  8.969720e-01   7.904773e+03   1.805556e+02
  8.997320e-01   7.719850e+03   1.781186e+02
  9.024920e-01   7.546055e+03   1.784750e+02
  9.052510e-01   7.357243e+03   1.748902e+02
  9.080110e-01   7.350387e+03   1.759895e+02
  9.107710e-01   7.455610e+03   1.759656e+02
  9.135300e-01   7.325964e+03   1.738045e+02
  9.162900e-01   7.098643e+03   1.729246e+02
  9.190490e-01   7.236959e+03   1.714706e+02
  9.218090e-01   7.002215e+03   1.713729e+02
  9.245690e-01   7.008715e+03   1.696119e+02
  9.273280e-01   7.067790e+03   1.707561e+02
  9.300880e-01   7.069794e+03   1.713652e+02
  9.328480e-01   7.025185e+03   1.677340e+02
  9.356070e-01   6.685534e+03   1.681152e+02
  9.383670e-01   6.676336e+03   1.664355e+02
  9.411270e-01   6.405075e+03   1.649428e+02
  9.438860e-01   6.370179e+03   1.642307e+02
  9.466460e-01   6.294820e+03   1.627300e+02
  9.494050e-01   6.060149e+03   1.625227e+02
  9.521650e-01   6.196302e+03   1.613267e+02
  9.549250e-01   5.958882e+03   1.609281e+02
  9.576840e-01   6.156487e+03   1.607566e+02
  9.604440e-01   5.836710e+03   1.588444e+02
  9.632040e-01   5.566168e+03   1.577036e+02
  9.659630e-01   5.809486e+03   1.564696e+02
  9.687230e-01   5.863762e+03   1.587393e+02
  9.714820e-01   5.544642e+03   1.542999e+02
  9.742420e-01   5.679324e+03   1.568896e+02
  9.770020e-01   5.548682e+03   1.559150e+02
  9.797610e-01   5.691752e+03   1.543094e+02
  9.825210e-01   5.232616e+03   1.533231e+02
  9.852810e-01   5.394381e+03   1.526254e+02
  9.880400e-01   5.498150e+03   1.539134e+02
  9.908000e-01   5.421588e+03   1.527843e+02
  9.935600e-01   5.332462e+03   1.509902e+02
  9.963190e-01   5.300423e+03   1.523861e+02
  9.990790e-01   4.855985e+03   1.471953e+02
  1.001840e+00   4.898973e+03   1.480506e+02
  1.004600e+00   4.871440e+03   1.466032e+02
  1.007360e+00   4.669776e+03   1.458170e+02
  1.010120e+00   5.059035e+03   1.490419e+02
  1.012880e+00   4.951076e+03   1.469154e+02
  1.015640e+00   4.708879e+03   1.454749e+02
  1.018400e+00   4.232256e+03   1.422781e+02
  1.021160e+00   4.275107e+03   1.428275e+02
  1.023920e+00   4.474600e+03   1.443387e+02
  1.026680e+00   4.390553e+03   1.427037e+02
  1.029430e+00   4.546883e+03   1.438892e+02
  1.032190e+00   4.468920e+03   1.421079e+02
  1.034950e+00   4.324374e+03   1.422634e+02
  1.037710e+00   4.245490e+03   1.405512e+02
  1.040470e+00   4.237604e+03   1.405166e+02
  1.043230e+00   4.290581e+03   1.413481e+02
  1.045990e+00   4.188386e+03   1.402122e+02
  1.048750e+00   4.306997e+03   1.412365e+02
  1.051510e+00   4.040074e+03   1.376691e+02
  1.054270e+00   4.019947e+03   1.420497e+02
  1.057030e+00   4.323137e+03   1.446251e+02
  1.059790e+00   4.027635e+03   1.436704e+02
  1.062550e+00   3.984841e+03   1.459058e+02
  1.065310e+00   3.736177e+03   1.418606e+02
  1.068070e+00   4.044067e+03   1.467613e+02
  1.070830e+00   3.640593e+03   1.442876e+02
  1.073590e+00   3.739590e+03   1.435953e+02
  1.076350e+00   3.643794e+03   1.457846e+02
  1.079110e+00   3.769479e+03   1.458808e+02
  1.081870e+00   3.520705e+03   1.453052e+02
  1.084630e+00   3.443145e+03   1.433431e+02
  1.087390e+00   3.475193e+03   1.448179e+02
  1.090150e+00   3.409389e+03   1.464586e+02
  1.092910e+00   3.584911e+03   1.454006e+02
  1.095670e+00   3.422246e+03   1.461230e+02
  1.098430e+00   3.507598e+03   1.460450e+02
  1.101190e+00   3.088456e+03   1.402173e+02
  1.103940e+00   3.015269e+03   1.394479e+02
  1.106700e+00   3.286265e+03   1.384888e+02
  1.109460e+00   3.390429e+03   1.399138e+02
  1.112220e+00   3.280578e+03   1.364993e+02
  1.114980e+00   3.091216e+03   1.363486e+02
  1.117740e+00   3.111374e+03   1.347302e+02
  1.120500e+00   3.183593e+03   1.348860e+02
  1.123260e+00   3.062446e+03   1.336582e+02
  1.126020e+00   2.917763e+03   1.311704e+02
  1.128780e+00   3.262027e+03   1.359490e+02
  1.131540e+00   2.638285e+03   1.289854e+02
  1.134300e+00   2.927110e+03   1.317272e+02
  1.137060e+00   2.658550e+03   1.293962e+02
  1.139820e+00   2.853774e+03   1.303764e+02
  1.142580e+00   2.890737e+03   1.304562e+02
  1.145340e+00   2.741612e+03   1.276777e+02
  1.148100e+00   3.022196e+03   1.313253e+02
  1.150860e+00   2.832950e+03   1.286198e+02
  1.153620e+00   2.833642e+03   1.276194e+02
  1.156380e+00   2.631358e+03   1.274868e+02
  1.159140e+00   2.719060e+03   1.266271e+02
  1.161900e+00   2.889344e+03   1.278085e+02
  1.164660e+00   2.601086e+03   1.253991e+02
  1.167420e+00   2.533266e+03   1.251512e+02
  1.170180e+00   2.572010e+03   1.253418e+02
  1.172940e+00   2.594492e+03   1.238722e+02
  1.175700e+00   2.502284e+03   1.248006e+02
  1.178450e+00   2.544396e+03   1.230368e+02
  1.181210e+00   2.274138e+03   1.224555e+02
  1.183970e+00   2.415725e+03   1.230171e+02
  1.186730e+00   2.518857e+03   1.220853e+02
  1.189490e+00   2.167752e+03   1.202904e+02
  1.192250e+00   2.370021e+03   1.206332e+02
  1.195010e+00   2.342550e+03   1.219277e+02
  1.197770e+00   2.535488e+03   1.215693e+02
  1.200530e+00   2.401233e+03   1.215715e+02
  1.203290e+00   2.064855e+03   1.188286e+02
  1.206050e+00   2.374934e+03   1.200159e+02
  1.208810e+00   2.425788e+03   1.212257e+02
  1.211570e+00   2.092032e+03   1.182171e+02
  1.214330e+00   2.192562e+03   1.194400e+02
  1.217090e+00   2.205432e+03   1.197697e+02
  1.219850e+00   2.187519e+03   1.178216e+02
  1.222610e+00   2.337988e+03   1.199862e+02
  1.225370e+00   2.382276e+03   1.192220e+02
  1.228130e+00   2.160690e+03   1.179346e+02
  1.230890e+00   2.214487e+03   1.183237e+02
  1.233650e+00   2.255681e+03   1.181454e+02
  1.236410e+00   2.066682e+03   1.163239e+02
  1.239170e+00   2.165557e+03   1.160895e+02
  1.241930e+00   2.099961e+03   1.176563e+02
  1.244690e+00   2.117951e+03   1.163452e+02
  1.247450e+00   2.076774e+03   1.156492e+02
  1.250210e+00   2.021663e+03   1.151980e+02
  1.252960e+00   2.217102e+03   1.163233e+02
  1.255720e+00   2.035779e+03   1.159123e+02
  1.258480e+00   2.078275e+03   1.147820e+02
  1.261240e+00   1.944183e+03   1.136643e+02
  1.264000e+00   1.802875e+03   1.136646e+02
  1.266760e+00   1.917922e+03   1.128885e+02
  1.269520e+00   1.871623e+03   1.140195e+02
  1.272280e+00   1.935111e+03   1.123983e+02
  1.275040e+00   1.852036e+03   1.132559e+02
  1.277800e+00   1.959009e+03   1.130774e+02
  1.280560e+00   1.878190e+03   1.128176e+02
  1.283320e+00   1.902158e+03   1.126780e+02
  1.286080e+00   1.952635e+03   1.125245e+02
  1.288840e+00   1.946651e+03   1.132182e+02
  1.291600e+00   2.040347e+03   1.132326e+02
  1.294360e+00   2.061219e+03   1.131182e+02
  1.297120e+00   1.637435e+03   1.099815e+02
  1.299880e+00   1.936390e+03   1.115878e+02
  1.302640e+00   1.836402e+03   1.120295e+02
  1.305400e+00   1.822384e+03   1.107064e+02
  1.308160e+00   1.882458e+03   1.110886e+02
  1.310920e+00   1.748013e+03   1.099494e+02
  1.313680e+00   1.706076e+03   1.099961e+02
  1.316440e+00   1.676536e+03   1.097876e+02
  1.319200e+00   1.725340e+03   1.083211e+02
  1.321960e+00   2.018548e+03   1.116167e+02
  1.324720e+00   1.639931e+03   1.082763e+02
  1.327470e+00   1.736089e+03   1.099871e+02
  1.330230e+00   1.582839e+03   1.078392e+02
  1.332990e+00   1.719762e+03   1.088407e+02
  1.335750e+00   1.640904e+03   1.088712e+02
  1.338510e+00   1.717749e+03   1.082034e+02
  1.341270e+00   1.639459e+03   1.081353e+02
  1.344030e+00   1.728705e+03   1.075843e+02
  1.346790e+00   1.471424e+03   1.070576e+02
  1.349550e+00   1.845815e+03   1.094244e+02
  1.352310e+00   1.603208e+03   1.069647e+02
  1.355070e+00   1.559979e+03   1.065057e+02
  1.357830e+00   1.622307e+03   1.069417e+02
  1.360590e+00   1.492256e+03   1.057701e+02
  1.363350e+00   1.630933e+03   1.064883e+02
  1.366110e+00   1.728397e+03   1.060826e+02
  1.368870e+00   1.379758e+03   1.053448e+02
  1.371630e+00   1.625306e+03   1.055437e+02
  1.374390e+00   1.451738e+03   1.052539e+02
  1.377150e+00   1.632125e+03   1.054219e+02
  1.379910e+00   1.463369e+03   1.039735e+02
  1.382670e+00   1.776189e+03   1.066322e+02
  1.385430e+00   1.411023e+03   1.036530e+02
  1.388190e+00   1.471097e+03   1.040504e+02
  1.390950e+00   1.506766e+03   1.033529e+02
  1.393710e+00   1.495432e+03   1.039223e+02
  1.396470e+00   1.450262e+03   1.034554e+02
  1.399230e+00   1.573306e+03   1.041894e+02
  1.401990e+00   1.440019e+03   1.032632e+02
  1.404740e+00   1.345180e+03   1.026281e+02
  1.407500e+00   1.592527e+03   1.040881e+02
  1.410260e+00   1.492602e+03   1.036810e+02
  1.413020e+00   1.351755e+03   1.017374e+02
  1.415780e+00   1.574443e+03   1.043883e+02
  1.418540e+00   1.319232e+03   1.018975e+02
  1.421300e+00   1.516049e+03   1.038166e+02
  1.424060e+00   1.428735e+03   1.020540e+02
  1.426820e+00   1.542633e+03   1.034119e+02
  1.429580e+00   1.296491e+03   1.016267e+02
  1.432340e+00   1.458377e+03   1.021600e+02
  1.435100e+00   1.388986e+03   1.029784e+02
  1.437860e+00   1.447139e+03   1.014526e+02
  1.440620e+00   1.224020e+03   1.010573e+02
  1.443380e+00   1.094714e+03   1.003087e+02
  1.446140e+00   1.463316e+03   1.013666e+02
  1.448900e+00   1.278572e+03   1.009465e+02
  1.451660e+00   1.326572e+03   1.002065e+02
  1.454420e+00   1.522033e+03   1.032190e+02
  1.457180e+00   1.314226e+03   1.002480e+02
  1.459940e+00   1.231151e+03   9.907355e+01
  1.462700e+00   1.405008e+03   1.017273e+02
  1.465460e+00   1.403611e+03   1.002530e+02
  1.468220e+00   1.345330e+03   1.007434e+02
  1.470980e+00   1.453188e+03   1.004948e+02
  1.473740e+00   1.340434e+03   1.004367e+02
  1.476500e+00   1.092109e+03   9.846660e+01
  1.479250e+00   1.149595e+03   9.807740e+01
  1.482010e+00   1.352212e+03   9.988575e+01
  1.484770e+00   1.236970e+03   9.880149e+01
  1.487530e+00   1.351033e+03   9.958020e+01
  1.490290e+00   1.274387e+03   9.877424e+01
  1.493050e+00   1.274452e+03   9.849481e+01
  1.495810e+00   1.242456e+03   9.857827e+01
  1.498570e+00   1.098068e+03   9.736723e+01
  1.501330e+00   1.253194e+03   9.823137e+01
  1.504090e+00   1.326693e+03   9.871702e+01
  1.506850e+00   1.202094e+03   9.755560e+01
  1.509610e+00   1.207336e+03   9.815206e+01
  1.512370e+00   1.300392e+03   9.809539e+01
  1.515130e+00   1.241446e+03   9.772701e+01
  1.517890e+00   1.336902e+03   9.849537e+01
  1.520650e+00   1.080177e+03   9.674499e+01
  1.523410e+00   1.221819e+03   9.750360e+01
  1.526170e+00   1.282559e+03   9.723111e+01
  1.528930e+00   1.006517e+03   9.565123e+01
  1.531690e+00   1.168974e+03   9.650914e+01
  1.534450e+00   1.291843e+03   9.781798e+01
  1.537210e+00   1.260728e+03   9.739156e+01
  1.539970e+00   1.189703e+03   9.655639e+01
  1.542730e+00   1.294444e+03   9.699875e+01
  1.545490e+00   1.190592e+03   9.656292e+01
  1.548250e+00   1.124950e+03   9.623909e+01
  1.551010e+00   1.113912e+03   9.576076e+01
  1.553760e+00   9.918440e+02   9.474148e+01
  1.556520e+00   1.057582e+03   9.525626e+01
  1.559280e+00   1.135921e+03   9.515075e+01
  1.562040e+00   1.243746e+03   9.581561e+01
  1.564800e+00   1.161369e+03   9.478610e+01
  1.567560e+00   1.249825e+03   9.598746e+01
  1.570320e+00   1.296948e+03   9.591967e+01
  1.573080e+00   1.194636e+03   9.484670e+01
  1.575840e+00   1.107947e+03   9.512243e+01
  1.578600e+00   1.119719e+03   9.453992e+01
  1.581360e+00   1.139390e+03   9.509637e+01
  1.584120e+00   1.189930e+03   9.482088e+01
  1.586880e+00   1.230426e+03   9.464872e+01
  1.589640e+00   1.138970e+03   9.423809e+01
  1.592400e+00   1.071000e+03   9.405602e+01
  1.595160e+00   1.050496e+03   9.371912e+01
  1.597920e+00   1.120346e+03   9.365356e+01
  1.600680e+00   9.254350e+02   9.271346e+01
  1.603440e+00   1.154108e+03   9.389007e+01
  1.606200e+00   1.094307e+03   9.388947e+01
  1.608960e+00   9.884790e+02   9.326927e+01
  1.611720e+00   1.124985e+03   9.311605e+01
  1.614480e+00   1.107107e+03   9.405715e+01
  1.617240e+00   1.142215e+03   9.283868e+01
  1.620000e+00   1.126579e+03   9.380005e+01
  1.622760e+00   1.018908e+03   9.227318e+01
  1.625520e+00   1.001413e+03   9.162392e+01
  1.628270e+00   1.019110e+03   9.261016e+01
  1.631030e+00   1.057447e+03   9.227708e+01
  1.633790e+00   1.009922e+03   9.189346e+01
  1.636550e+00   9.188000e+02   9.191068e+01
  1.639310e+00   8.942120e+02   9.358622e+01
  1.642070e+00   1.049017e+03   9.523481e+01
  1.644830e+00   9.781100e+02   9.423929e+01
  1.647590e+00   1.080574e+03   9.633510e+01
  1.650350e+00   9.216140e+02   9.551219e+01
  1.653110e+00   1.235564e+03   9.752163e+01
  1.655870e+00   1.057191e+03   9.729739e+01
  1.658630e+00   8.991210e+02   9.528473e+01
  1.661390e+00   1.010756e+03   9.819683e+01
  1.664150e+00   8.607650e+02   9.677768e+01
  1.666910e+00   1.030655e+03   9.791929e+01
  1.669670e+00   1.021776e+03   9.799178e+01
  1.672430e+00   9.179000e+02   9.728779e+01
  1.675190e+00   9.695080e+02   9.814181e+01
  1.677950e+00   7.087330e+02   9.645578e+01
  1.680710e+00   9.855640e+02   9.834682e+01
  1.683470e+00   8.540790e+02   9.833651e+01
  1.686230e+00   9.639540e+02   9.687706e+01
  1.688990e+00   9.629240e+02   9.698811e+01
  1.691750e+00   8.291990e+02   9.446263e+01
  1.694510e+00   9.493760e+02   9.537972e+01
  1.697270e+00   8.597060e+02   9.397016e+01
  1.700030e+00   1.006804e+03   9.485074e+01
  1.702780e+00   9.835490e+02   9.476691e+01
  1.705540e+00   9.813720e+02   9.371185e+01
  1.708300e+00   8.827390e+02   9.338317e+01
  1.711060e+00   9.250760e+02   9.314292e+01
  1.713820e+00   8.874360e+02   9.310046e+01
  1.716580e+00   8.254650e+02   9.198043e+01
  1.719340e+00   9.575800e+02   9.259379e+01
  1.722100e+00   8.946450e+02   9.265598e+01
  1.724860e+00   7.492500e+02   9.081126e+01
  1.727620e+00   8.526560e+02   9.213040e+01
  1.730380e+00   1.051444e+03   9.324109e+01
  1.733140e+00   9.112800e+02   9.159140e+01
  1.735900e+00   8.414050e+02   9.174714e+01
  1.738660e+00   8.363580e+02   9.108478e+01
  1.741420e+00   8.092780e+02   9.076046e+01
  1.744180e+00   7.473770e+02   9.030082e+01
  1.746940e+00   7.665810e+02   9.008292e+01
  1.749700e+00   9.830490e+02   9.168199e+01
  1.752460e+00   7.989330e+02   8.964642e+01
  1.755220e+00   7.607440e+02   9.011160e+01
  1.757980e+00   8.396770e+02   9.017779e+01
  1.760740e+00   8.071460e+02   9.064580e+01
  1.763500e+00   1.006118e+03   9.135005e+01
  1.766260e+00   8.700050e+02   8.999541e+01
  1.769020e+00   7.011210e+02   8.999201e+01
  1.771780e+00   7.385050e+02   8.896051e+01
  1.774540e+00   8.222320e+02   8.985041e+01
  1.777290e+00   8.856070e+02   9.029824e+01
  1.780050e+00   6.642810e+02   8.824878e+01
  1.782810e+00   7.818830e+02   8.945046e+01
  1.785570e+00   6.884550e+02   8.787691e+01
  1.788330e+00   8.547850e+02   8.941665e+01
  1.791090e+00   8.895370e+02   8.934042e+01
  1.793850e+00   6.912070e+02   8.881205e+01
  1.796610e+00   7.203990e+02   8.858160e+01
  1.799370e+00   7.640760e+02   8.780267e+01
  1.802130e+00   7.230470e+02   8.862565e+01
  1.804890e+00   8.187180e+02   8.853682e+01
  1.807650e+00   7.373390e+02   8.862740e+01
  1.810410e+00   7.458890e+02   8.796786e+01
  1.813170e+00   8.477790e+02   8.832746e+01
  1.815930e+00   7.566810e+02   8.828699e+01
  1.818690e+00   6.950270e+02   8.737335e+01
  1.821450e+00   8.325270e+02   8.840277e+01
  1.824210e+00   6.147590e+02   8.706644e+01
  1.826970e+00   6.427940e+02   8.721882e+01
  1.829730e+00   5.368220e+02   8.683993e+01
  1.832490e+00   6.941050e+02   8.690248e+01
  1.835250e+00   7.691560e+02   8.825345e+01
  1.838010e+00   7.112950e+02   8.674747e+01
  1.840770e+00   7.245410e+02   8.711065e+01
  1.843530e+00   8.061500e+02   8.767587e+01
  1.846290e+00   7.005930e+02   8.649796e+01
  1.849050e+00   7.518440e+02   8.698489e+01
  1.851810e+00   6.637600e+02   8.625039e+01
  1.854560e+00   8.237940e+02   8.785139e+01
  1.857320e+00   6.746840e+02   8.649328e+01
  1.860080e+00   7.760220e+02   8.740198e+01
  1.862840e+00   7.725610e+02   8.718241e+01
  1.865600e+00   5.913370e+02   8.615090e+01
  1.868360e+00   7.009030e+02   8.780430e+01
  1.871120e+00   6.934660e+02   8.716666e+01
  1.873880e+00   7.441520e+02   8.779185e+01
  1.876640e+00   6.776310e+02   8.735549e+01
  1.879400e+00   6.313220e+02   8.655751e+01
  1.882160e+00   6.329950e+02   8.726007e+01
  1.884920e+00   5.790400e+02   8.660947e+01
  1.887680e+00   6.273730e+02   8.675748e+01
  1.890440e+00   7.888670e+02   8.788055e+01
  1.893200e+00   7.630630e+02   8.808004e+01
  1.895960e+00   8.021510e+02   8.829098e+01
  1.898720e+00   3.830040e+02   8.556801e+01
  1.901480e+00   4.595690e+02   8.661584e+01
  1.904240e+00   4.652470e+02   8.582852e+01
  1.907000e+00   6.706210e+02   8.761858e+01
  1.909760e+00   6.693670e+02   8.718380e+01
  1.912520e+00   7.476290e+02   8.740805e+01
  1.915280e+00   7.196900e+02   8.763394e+01
  1.918040e+00   5.736090e+02   8.619025e+01
  1.920800e+00   4.964750e+02   8.669855e+01
  1.923560e+00   5.870530e+02   8.715725e+01
  1.926320e+00   5.925980e+02   8.695545e+01
  1.929070e+00   6.564230e+02   8.738266e+01
  1.931830e+00   6.947970e+02   8.722044e+01
  1.934590e+00   7.086210e+02   8.776085e+01
  1.937350e+00   4.927230e+02   8.550004e+01
  1.940110e+00   4.542850e+02   8.646116e+01
  1.942870e+00   5.225130e+02   8.690749e+01
  1.945630e+00   6.476520e+02   8.685688e+01
  1.948390e+00   5.615820e+02   8.696972e+01
  1.951150e+00   5.285530e+02   8.569363e+01
  1.953910e+00   3.849940e+02   8.579065e+01
  1.956670e+00   5.443940e+02   8.721861e+01
  1.959430e+00   5.213820e+02   8.652833e+01
  1.962190e+00   5.222690e+02   8.654090e+01
  1.964950e+00   5.507570e+02   8.627354e+01
  1.967710e+00   5.167510e+02   8.685082e+01
  1.970470e+00   5.680800e+02   8.694068e+01
  1.973230e+00   5.818780e+02   8.722766e+01
  1.975990e+00   4.470330e+02   8.602750e+01
  1.978750e+00   5.291750e+02   8.646733e+01
  1.981510e+00   6.204410e+02   8.749001e+01
  1.984270e+00   4.834040e+02   8.643958e+01
  1.987030e+00   5.724840e+02   8.625124e+01
  1.989790e+00   6.056430e+02   8.710350e+01
  1.992550e+00   6.085240e+02   8.683863e+01
  1.995310e+00   5.539240e+02   8.723616e+01
  1.998070e+00   4.732170e+02   8.539790e+01
  2.000830e+00   5.853230e+02   8.722524e+01
  2.003580e+00   4.258440e+02   8.605439e+01
  2.006340e+00   6.177140e+02   8.696935e+01
  2.009100e+00   5.793190e+02   8.672390e+01
  2.011860e+00   4.561010e+02   8.592901e+01
  2.014620e+00   4.255790e+02   8.639557e+01
  2.017380e+00   5.977100e+02   8.667811e+01
  2.020140e+00   5.360240e+02   8.626641e+01
  2.022900e+00   5.208030e+02   8.650238e+01
  2.025660e+00   3.292690e+02   8.523717e+01
  2.028420e+00   4.234370e+02   8.625318e+01
  2.031180e+00   4.947140e+02   8.583965e+01
  2.033940e+00   4.861230e+02   8.635022e+01
  2.036700e+00   5.106340e+02   8.670860e+01
  2.039460e+00   5.190600e+02   8.576836e+01
  2.042220e+00   6.002760e+02   8.702858e+01
  2.044980e+00   5.862340e+02   8.628157e+01
  2.047740e+00   5.097360e+02   8.627335e+01
  2.050500e+00   4.373410e+02   8.572853e+01
  2.053260e+00   3.760200e+02   8.528471e+01
  2.056020e+00   5.862400e+02   8.663031e+01
  2.058780e+00   6.131670e+02   8.654076e+01
  2.061540e+00   4.359880e+02   8.578651e+01
  2.064300e+00   5.326510e+02   8.629140e+01
  2.067060e+00   4.573430e+02   8.584584e+01
  2.069820e+00   3.180770e+02   8.517050e+01
  2.072580e+00   5.803460e+02   8.621709e+01
  2.075340e+00   4.370270e+02   8.585308e+01
  2.078090e+00   3.957440e+02   8.483557e+01
  2.080850e+00   4.953260e+02   8.603885e+01
  2.083610e+00   4.049030e+02   8.576770e+01
  2.086370e+00   4.989800e+02   8.609325e+01
  2.089130e+00   5.469740e+02   8.651887e+01
  2.091890e+00   4.646160e+02   8.472594e+01
  2.094650e+00   4.810420e+02   8.624090e+01
  2.097410e+00   3.078520e+02   8.444224e+01
  2.100170e+00   4.819850e+02   8.595797e+01
  2.102930e+00   3.530640e+02   8.505202e+01
  2.105690e+00   2.774490e+02   8.448253e+01
  2.108450e+00   3.758410e+02   8.508662e+01
  2.111210e+00   5.043800e+02   8.524987e+01
  2.113970e+00   4.458000e+02   8.558865e+01
  2.116730e+00   5.000440e+02   8.581028e+01
  2.119490e+00   4.572800e+02   8.546514e+01
  2.122250e+00   5.406190e+02   8.638167e+01
  2.125010e+00   6.020790e+02   8.604954e+01
  2.127770e+00   4.634990e+02   8.562053e+01
  2.130530e+00   4.893160e+02   8.525486e+01
  2.133290e+00   4.171090e+02   8.502182e+01
  2.136050e+00   3.834930e+02   8.474658e+01
  2.138810e+00   3.760930e+02   8.400958e+01
  2.141570e+00   6.538820e+02   8.671808e+01
  2.144330e+00   4.092720e+02   8.414582e+01
  2.147090e+00   4.487410e+02   8.462947e+01
  2.149850e+00   2.739470e+02   8.343598e+01
  2.152600e+00   3.556080e+02   8.476834e+01
  2.155360e+00   5.626590e+02   8.597528e+01
  2.158120e+00   4.241510e+02   8.412908e+01
  2.160880e+00   4.068410e+02   8.461731e+01
  2.163640e+00   4.631610e+02   8.461954e+01
  2.166400e+00   3.726320e+02   8.414221e+01
  2.169160e+00   4.890290e+02   8.547687e+01
  2.171920e+00   5.044840e+02   8.492385e+01
  2.174680e+00   5.534210e+02   8.548940e+01
  2.177440e+00   3.329830e+02   8.330676e+01
  2.180200e+00   4.789170e+02   8.490647e+01
  2.182960e+00   5.571010e+02   8.552403e+01
  2.185720e+00   4.168120e+02   8.437049e+01
  2.188480e+00   3.739880e+02   8.474977e+01
  2.191240e+00   4.553900e+02   8.375937e+01
  2.194000e+00   4.919880e+02   8.530121e+01
  2.196760e+00   3.437250e+02   8.394286e+01
  2.199520e+00   5.028890e+02   8.463927e+01
  2.202280e+00   2.673160e+02   8.412085e+01
  2.205040e+00   3.665700e+02   8.387664e+01
  2.207800e+00   3.420170e+02   8.417363e+01
  2.210560e+00   3.698680e+02   8.387292e+01
  2.213320e+00   2.960330e+02   8.299756e+01
  2.216080e+00   5.120580e+02   8.548469e+01
  2.218840e+00   1.925540e+02   8.290990e+01
  2.221600e+00   3.579850e+02   8.449528e+01
  2.224360e+00   4.295290e+02   8.543797e+01
  2.227120e+00   5.093030e+02   8.684825e+01
  2.229870e+00   3.265220e+02   8.640268e+01
  2.232630e+00   3.845360e+02   8.721864e+01
  2.235390e+00   3.911650e+02   8.890996e+01
  2.238150e+00   4.212300e+02   8.808679e+01
  2.240910e+00   4.375730e+02   8.928551e+01
  2.243670e+00   3.795650e+02   8.942612e+01
  2.246430e+00   2.581390e+02   8.964669e+01
  2.249190e+00   3.358860e+02   9.136067e+01
  2.251950e+00   3.364160e+02   9.078359e+01
  2.254710e+00   2.366840e+02   9.194093e+01
  2.257470e+00   3.425210e+02   9.241882e+01
  2.260230e+00   6.178140e+02   9.547547e+01
  2.262990e+00   3.594770e+02   9.372577e+01
  2.265750e+00   3.506800e+02   9.341992e+01
  2.268510e+00   2.850360e+02   9.474263e+01
  2.271270e+00   2.648380e+02   9.271887e+01
  2.274030e+00   4.434750e+02   9.308811e+01
  2.276790e+00   3.583310e+02   9.198736e+01
  2.279550e+00   4.323210e+02   9.146921e+01
  2.282310e+00   4.201320e+02   9.168541e+01
  2.285070e+00   4.198750e+02   9.127327e+01
  2.287830e+00   4.995120e+02   9.181825e+01
  2.290590e+00   2.363950e+02   8.948569e+01
  2.293350e+00   1.832510e+02   8.930228e+01
  2.296110e+00   4.585810e+02   9.082571e+01
  2.298870e+00   4.832080e+02   9.072479e+01
  2.301630e+00   3.947530e+02   9.044910e+01
  2.304380e+00   2.547860e+02   8.920414e+01
  2.307140e+00   1.761640e+02   8.933562e+01
  2.309900e+00   3.370890e+02   9.000523e+01
  2.312660e+00   4.318610e+02   9.013333e+01
  2.315420e+00   2.949810e+02   8.942724e+01
  2.318180e+00   3.255170e+02   9.036373e+01
  2.320940e+00   4.326580e+02   9.051156e+01
  2.323700e+00   2.700710e+02   8.911230e+01
  2.326460e+00   4.224870e+02   9.010534e+01
  2.329220e+00   3.269970e+02   9.015581e+01
  2.331980e+00   2.918840e+02   8.999531e+01
  2.334740e+00   2.284320e+02   8.894465e+01
  2.337500e+00   4.944170e+02   9.150774e+01
  2.340260e+00   3.222340e+02   8.956588e+01
  2.343020e+00   3.946900e+02   9.061111e+01
  2.345780e+00   3.089950e+02   9.011217e+01
  2.348540e+00   3.096710e+02   8.974882e+01
  2.351300e+00   3.963190e+02   9.067089e+01
  2.354060e+00   3.238010e+02   8.956242e+01
  2.356820e+00   4.184880e+02   9.052317e+01
  2.359580e+00   4.521740e+02   9.072618e+01
  2.362340e+00   2.806550e+02   9.026736e+01
  2.365100e+00   2.538980e+02   8.970284e+01
  2.367860e+00   4.456010e+02   9.126578e+01
  2.370620e+00   3.412020e+02   8.980550e+01
  2.373380e+00   1.938210e+02   8.988271e+01
  2.376140e+00   2.876150e+02   8.994908e+01
  2.378890e+00   1.509870e+02   8.851849e+01
  2.381650e+00   4.965870e+02   9.150824e+01
  2.384410e+00   3.499790e+02   8.953301e+01
  2.387170e+00   3.026400e+02   9.006084e+01
  2.389930e+00   5.779930e+02   9.239822e+01
  2.392690e+00   3.396370e+02   9.015673e+01
  2.395450e+00   2.908750e+02   9.021532e+01
  2.398210e+00   2.599400e+02   8.974180e+01
  2.400970e+00   2.203470e+02   8.987826e+01
  2.403730e+00   1.773470e+02   8.889302e+01
  2.406490e+00   3.206950e+02   9.056331e+01
  2.409250e+00   4.194670e+02   9.193140e+01
  2.412010e+00   3.612740e+02   9.002567e+01
  2.414770e+00   2.657720e+02   8.982452e+01
  2.417530e+00   2.661750e+02   8.973216e+01
  2.420290e+00   4.168410e+02   9.147534e+01
  2.423050e+00   2.989730e+02   8.989873e+01
  2.425810e+00   2.859620e+02   9.007077e+01
  2.428570e+00   3.180450e+02   9.049626e+01
  2.431330e+00   1.852370e+02   8.879222e+01
  2.434090e+00   3.150320e+02   9.101746e+01
  2.436850e+00   2.763600e+02   9.015220e+01
  2.439610e+00   2.151200e+02   8.934151e+01
  2.442370e+00   2.144440e+02   8.959429e+01
  2.445130e+00   3.036230e+02   8.959341e+01
  2.447890e+00   2.568800e+02   9.103712e+01
  2.450650e+00   1.521090e+02   8.987766e+01
  2.453400e+00   2.449230e+02   8.947545e+01
  2.456160e+00   3.208940e+02   9.115156e+01
  2.458920e+00   3.005690e+02   9.068956e+01
  2.461680e+00   2.257390e+02   9.036941e+01
  2.464440e+00   9.707400e+01   8.856400e+01
  2.467200e+00   1.765360e+02   9.008744e+01
  2.469960e+00   2.296990e+02   9.045343e+01
  2.472720e+00   2.832420e+02   9.009387e+01
  2.475480e+00   3.245780e+02   9.051288e+01
  2.478240e+00   5.193740e+02   9.103315e+01
  2.481000e+00   1.834640e+02   8.960243e+01
  2.483760e+00   2.596670e+02   8.896996e+01
  2.486520e+00   2.741620e+02   8.977658e+01
  2.489280e+00   1.861950e+02   8.929392e+01
  2.492040e+00   1.523220e+02   8.823801e+01
  2.494800e+00   3.037040e+02   9.039516e+01
  2.497560e+00   2.787100e+02   8.895868e+01
  2.500320e+00   1.235930e+02   8.925240e+01
  2.503080e+00   3.935860e+02   9.056168e+01
  2.505840e+00   3.172940e+02   8.953813e+01
  2.508600e+00   3.496820e+02   9.038354e+01
  2.511360e+00   3.335500e+02   8.961003e+01
  2.514120e+00   2.721390e+02   8.988522e+01
  2.516880e+00   2.504380e+02   8.913381e+01
  2.519640e+00   2.652900e+02   8.917678e+01
  2.522400e+00   4.737130e+02   9.144222e+01
  2.525160e+00   4.665770e+02   9.081436e+01
  2.527910e+00   3.514930e+02   9.114318e+01
  2.530670e+00   3.793830e+02   9.015055e+01
  2.533430e+00   1.324580e+02   8.892771e+01
  2.536190e+00   2.506060e+02   8.968331e+01
  2.538950e+00   3.534460e+02   8.956050e+01
  2.541710e+00   3.761160e+02   9.086631e+01
  2.544470e+00   2.263850e+02   8.869763e+01
  2.547230e+00   1.714410e+02   8.882946e+01
  2.549990e+00   1.839630e+02   8.902366e+01
  2.552750e+00   2.055460e+02   8.866074e+01
  2.555510e+00   2.563370e+02   8.997786e+01
  2.558270e+00   1.609460e+02   8.858652e+01
  2.561030e+00   2.743460e+02   9.021330e+01
  2.563790e+00   2.874030e+02   9.016158e+01
  2.566550e+00   1.726800e+02   8.966973e+01
  2.569310e+00   1.506620e+02   8.890101e+01
  2.572070e+00   3.893030e+02   9.059000e+01
  2.574830e+00   1.690410e+02   9.000809e+01
  2.577590e+00   2.496940e+02   8.911717e+01
  2.580350e+00   1.355930e+02   8.900839e+01
  2.583110e+00   2.591370e+02   8.981540e+01
  2.585870e+00   2.883580e+02   9.062592e+01
  2.588630e+00   1.537790e+02   8.952666e+01
  2.591390e+00   1.349930e+02   8.865194e+01
  2.594150e+00   1.973750e+02   9.018281e+01
  2.596910e+00   3.537780e+02   9.034362e+01
  2.599670e+00   4.492920e+02   9.086668e+01
  2.602420e+00   3.929280e+02   9.042623e+01
  2.605180e+00   1.771330e+02   8.904559e+01
  2.607940e+00   3.970510e+02   9.095611e+01
  2.610700e+00   1.831140e+02   8.970496e+01
  2.613460e+00   1.663780e+02   9.038444e+01
  2.616220e+00   1.571640e+02   8.840403e+01
  2.618980e+00   2.458780e+02   8.929677e+01
  2.621740e+00   3.070460e+02   9.051244e+01
  2.624500e+00   7.790800e+01   8.872093e+01
  2.627260e+00   2.073760e+02   8.995462e+01
  2.630020e+00   3.824030e+02   9.000226e+01
  2.632780e+00   4.538510e+02   9.207880e+01
  2.635540e+00   4.661390e+02   9.174827e+01
  2.638300e+00   1.302610e+02   8.923145e+01
  2.641060e+00   1.800020e+02   8.991383e+01
  2.643820e+00   1.433500e+02   8.921191e+01
  2.646580e+00   3.058350e+02   9.092869e+01
  2.649340e+00   2.942190e+02   9.005226e+01
  2.652100e+00   3.031060e+02   8.993652e+01
  2.654860e+00   1.618060e+02   9.012153e+01
  2.657620e+00   2.058870e+02   8.995366e+01
  2.660380e+00   3.162770e+02   9.067958e+01
  2.663140e+00   2.680180e+02   9.018100e+01
  2.665900e+00   2.054940e+02   8.980315e+01
  2.668660e+00   1.440290e+02   8.976600e+01
  2.671420e+00   1.455870e+02   8.913787e+01
  2.674180e+00   2.313680e+02   9.085484e+01
  2.676940e+00   3.629490e+02   9.096031e+01
  2.679690e+00   2.330520e+02   9.040555e+01
  2.682450e+00   3.863120e+02   9.162846e+01
  2.685210e+00   2.569910e+02   9.008729e+01
  2.687970e+00   1.980370e+02   9.034059e+01
  2.690730e+00   1.791700e+02   8.929493e+01
  2.693490e+00   3.330230e+02   9.137855e+01
  2.696250e+00   2.252600e+02   9.037079e+01
  2.699010e+00   1.513490e+02   8.949403e+01
  2.701770e+00   1.394920e+02   8.991320e+01
  2.704530e+00   1.937910e+02   8.964601e+01
  2.707290e+00   2.303760e+02   9.043104e+01
  2.710050e+00   2.552630e+02   8.998382e+01
  2.712810e+00   4.347160e+02   9.132492e+01
  2.715570e+00   3.351320e+02   9.106293e+01
  2.718330e+00   2.042440e+02   9.008053e+01
  2.721090e+00   2.552700e+02   9.047587e+01
  2.723850e+00   2.909990e+02   9.041155e+01
  2.726610e+00   1.825030e+02   9.057628e+01
  2.729370e+00   2.435730e+02   9.079654e+01
  2.732130e+00   2.331590e+02   9.020399e+01
  2.734890e+00   3.170880e+02   9.179143e+01
  2.737650e+00   2.401260e+02   9.022382e+01
  2.740410e+00   1.812990e+02   9.089820e+01
  2.743170e+00   5.912900e+01   8.894327e+01
  2.745930e+00   2.613070e+02   9.082008e+01
  2.748690e+00   2.002810e+02   9.033532e+01
  2.751450e+00   1.341580e+02   8.924208e+01
  2.754200e+00   5.183900e+01   8.992782e+01
  2.756960e+00   2.105410e+02   9.004395e+01
  2.759720e+00   2.321600e+01   8.881567e+01
  2.762480e+00   3.005910e+02   9.154595e+01
  2.765240e+00   3.350540e+02   9.133048e+01
  2.768000e+00   3.451830e+02   9.221134e+01
  2.770760e+00   2.917930e+02   9.085184e+01
  2.773520e+00   3.389420e+02   9.189782e+01
  2.776280e+00   2.884680e+02   9.059322e+01
  2.779040e+00   2.484920e+02   9.039302e+01
  2.781800e+00   2.347700e+02   9.061073e+01
  2.784560e+00   3.325600e+02   9.093012e+01
  2.787320e+00   1.560480e+02   8.978725e+01
  2.790080e+00   2.899570e+02   9.014100e+01
  2.792840e+00   2.155560e+02   9.020358e+01
  2.795600e+00   3.233890e+02   9.065009e+01
  2.798360e+00   2.408820e+02   9.098695e+01
  2.801120e+00   3.015290e+02   9.084928e+01
  2.803880e+00   3.006600e+02   9.009652e+01
  2.806640e+00   2.171770e+02   9.060026e+01
  2.809400e+00   3.201170e+02   9.315795e+01
  2.812160e+00   1.087750e+02   9.326174e+01
  2.814920e+00   1.903060e+02   9.498994e+01
  2.817680e+00   3.201990e+02   9.619680e+01
  2.820440e+00   1.370020e+02   9.683120e+01
  2.823200e+00   1.840320e+02   9.636516e+01
  2.825960e+00   2.269890e+02   9.817602e+01
  2.828710e+00   7.098700e+01   9.782242e+01
  2.831470e+00   1.776050e+02   9.921612e+01
  2.834230e+00   3.118040e+02   1.007509e+02
  2.836990e+00   1.322660e+02   9.943506e+01
  2.839750e+00   1.265000e+02   9.976263e+01
  2.842510e+00   7.331900e+01   1.004112e+02
  2.845270e+00   2.011660e+02   1.015762e+02
  2.848030e+00   3.840830e+02   1.039537e+02
  2.850790e+00   2.279110e+02   1.017359e+02
  2.853550e+00   3.337050e+02   1.040787e+02
  2.856310e+00   2.999890e+02   1.010253e+02
  2.859070e+00   1.193710e+02   9.903551e+01
  2.861830e+00   3.301340e+02   9.928411e+01
  2.864590e+00   3.168670e+02   9.860919e+01
  2.867350e+00   3.079350e+02   9.841588e+01
  2.870110e+00   1.695140e+02   9.629494e+01
  2.872870e+00   2.278990e+02   9.669657e+01
  2.875630e+00   3.224010e+02   9.714543e+01
  2.878390e+00   2.793140e+02   9.676189e+01
  2.881150e+00   3.638110e+02   9.824804e+01
  2.883910e+00   3.134550e+02   9.626504e+01
  2.886670e+00   3.126900e+02   9.677073e+01
  2.889430e+00   1.600210e+02   9.468451e+01
  2.892190e+00   2.282140e+02   9.520047e+01
  2.894950e+00   2.416780e+02   9.592705e+01
  2.897710e+00   3.317110e+02   9.532985e+01
  2.900470e+00   2.940310e+02   9.683679e+01
  2.903220e+00   2.918350e+02   9.554286e+01
  2.905980e+00   3.252500e+02   9.597745e+01
  2.908740e+00   2.876330e+02   9.516006e+01
  2.911500e+00   1.821340e+02   9.374437e+01
  2.914260e+00   3.867180e+02   9.575767e+01
  2.917020e+00   1.713300e+02   9.386092e+01
  2.919780e+00   3.828400e+02   9.552170e+01
  2.922540e+00   2.441780e+02   9.379582e+01
  2.925300e+00   6.628600e+01   9.294592e+01
  2.928060e+00   3.463170e+02   9.536230e+01
  2.930820e+00   1.746930e+02   9.301397e+01
  2.933580e+00   1.871730e+02   9.316592e+01
  2.936340e+00   2.390620e+02   9.425032e+01
  2.939100e+00   1.696230e+02   9.317800e+01
  2.941860e+00   2.850770e+02   9.444119e+01
  2.944620e+00   1.910390e+02   9.281238e+01
  2.947380e+00   4.384760e+02   9.555325e+01
  2.950140e+00   2.662910e+02   9.381368e+01
  2.952900e+00   2.780690e+02   9.463855e+01
  2.955660e+00   1.767430e+02   9.197221e+01
  2.958420e+00   1.546700e+02   9.331277e+01
  2.961180e+00   2.765580e+02   9.359962e+01
  2.963940e+00   1.168960e+02   9.229089e+01
  2.966700e+00   1.940810e+02   9.290396e+01
  2.969460e+00   2.847450e+02   9.324520e+01
  2.972220e+00   3.004420e+02   9.445056e+01
  2.974980e+00   3.377480e+02   9.405384e+01
  2.977730e+00   2.820090e+02   9.269712e+01
  2.980490e+00   1.414130e+02   9.223685e+01
  2.983250e+00   1.652840e+02   9.185563e+01
  2.986010e+00   1.497190e+02   9.260741e+01
  2.988770e+00   1.805940e+02   9.290763e+01
  2.991530e+00   1.913800e+01   9.194927e+01
  2.994290e+00   8.832200e+01   9.241258e+01
  2.997050e+00   2.114300e+01   9.139331e+01
  2.999810e+00   2.481490e+02   9.376372e+01
  3.002570e+00   1.865930e+02   9.265871e+01
  3.005330e+00   2.210650e+02   9.376201e+01
  3.008090e+00   1.752170e+02   9.330839e+01
  3.010850e+00   4.059260e+02   9.454857e+01
  3.013610e+00   1.711560e+02   9.165652e+01
  3.016370e+00   2.342920e+02   9.293111e+01
  3.019130e+00   1.898520e+02   9.330434e+01
  3.021890e+00   4.054810e+02   9.404048e+01
  3.024650e+00   9.882400e+01   9.183821e+01
  3.027410e+00   1.020210e+02   9.262679e+01
  3.030170e+00   2.514920e+02   9.316352e+01
  3.032930e+00   1.756520e+02   9.298037e+01
  3.035690e+00   2.429950e+02   9.330351e+01
  3.038450e+00   3.480890e+02   9.370933e+01
  3.041210e+00   2.168050e+02   9.312582e+01
  3.043970e+00   2.081250e+02   9.249927e+01
  3.046730e+00   1.009900e+02   9.226241e+01
  3.049490e+00   9.138600e+01   9.173604e+01
  3.052240e+00   2.910520e+02   9.359039e+01
  3.055000e+00   3.749420e+02   9.427017e+01
  3.057760e+00   7.805300e+01   9.235776e+01
  3.060520e+00   3.742070e+02   9.428202e+01
  3.063280e+00   3.074180e+02   9.347713e+01
  3.066040e+00   2.875810e+02   9.373861e+01
  3.068800e+00   2.875250e+02   9.318611e+01
  3.071560e+00   1.794800e+02   9.255433e+01
  3.074320e+00   2.959050e+02   9.358675e+01
  3.077080e+00   3.680800e+02   9.348409e+01
  3.079840e+00   8.258200e+01   9.229087e+01
  3.082600e+00   9.386100e+01   9.123682e+01
  3.085360e+00   2.515140e+02   9.262286e+01
  3.088120e+00   2.747240e+02   9.430850e+01
  3.090880e+00   1.603600e+02   9.213746e+01
  3.093640e+00   1.692110e+02   9.280423e+01
  3.096400e+00   1.973010e+02   9.218858e+01
  3.099160e+00   1.389190e+02   9.235063e+01
  3.101920e+00   9.373600e+01   9.219041e+01
  3.104680e+00   2.133300e+02   9.376105e+01
  3.107440e+00   1.404430e+02   9.189260e+01
  3.110200e+00   3.498820e+02   9.261269e+01
  3.112960e+00   7.558600e+01   9.252703e+01
  3.115720e+00   8.862300e+01   9.143795e+01
  3.118480e+00   2.092160e+02   9.276684e+01
  3.121240e+00   1.772200e+02   9.293522e+01
  3.124000e+00   1.564270e+02   9.199266e+01
  3.126760e+00   2.674440e+02   9.361117e+01
  3.129510e+00   2.432590e+02   9.280462e+01
  3.132270e+00   1.569660e+02   9.253555e+01
  3.135030e+00   2.960330e+02   9.358914e+01
  3.137790e+00   1.072180e+02   9.207948e+01
  3.140550e+00   1.004880e+02   9.196525e+01
  3.143310e+00   4.031800e+02   9.419569e+01
  3.146070e+00   2.714820e+02   9.332429e+01
  3.148830e+00   2.349750e+02   9.339222e+01
  3.151590e+00   2.027820e+02   9.237955e+01
  3.154350e+00   3.125210e+02   9.324822e+01
  3.157110e+00  -4.065100e+01   9.091067e+01
  3.159870e+00   2.717630e+02   9.245573e+01
  3.162630e+00   2.821530e+02   9.256062e+01
  3.165390e+00   2.105150e+02   9.228487e+01
  3.168150e+00   2.138110e+02   9.266208e+01
  3.170910e+00   1.786310e+02   9.185264e+01
  3.173670e+00   2.053680e+02   9.205350e+01
  3.176430e+00   2.480480e+02   9.226700e+01
  3.179190e+00   2.283190e+02   9.148190e+01
  3.181950e+00   2.832240e+02   9.246755e+01
  3.184710e+00   6.996200e+01   9.083744e+01
  3.187470e+00   3.747650e+02   9.282625e+01
  3.190230e+00   3.243150e+02   9.288352e+01
  3.192990e+00   2.566760e+02   9.240970e+01
  3.195750e+00   5.514700e+01   9.129589e+01
  3.198510e+00   1.218560e+02   9.159918e+01
  3.201270e+00   1.991160e+02   9.113358e+01
  3.204020e+00   2.579960e+02   9.259431e+01
  3.206780e+00   1.287380e+02   9.093403e+01
  3.209540e+00   3.418040e+02   9.275994e+01
  3.212300e+00   2.470300e+01   9.009483e+01
  3.215060e+00   2.283680e+02   9.219599e+01
  3.217820e+00   1.182820e+02   9.141354e+01
  3.220580e+00   3.395350e+02   9.355533e+01
  3.223340e+00   1.979730e+02   9.190729e+01
  3.226100e+00   3.030010e+02   9.231677e+01
  3.228860e+00   2.246110e+02   9.227523e+01
  3.231620e+00   4.156200e+02   9.364865e+01
  3.234380e+00   2.268060e+02   9.218337e+01
  3.237140e+00   2.487150e+02   9.210814e+01
  3.239900e+00   1.379200e+01   9.088216e+01
  3.242660e+00   2.157790e+02   9.167275e+01
  3.245420e+00   1.780700e+02   9.180810e+01
  3.248180e+00   2.556500e+01   9.064921e+01
  3.250940e+00   1.602950e+02   9.173791e+01
  3.253700e+00   1.385910e+02   9.141422e+01
  3.256460e+00   7.979200e+01   9.134142e+01
  3.259220e+00   1.832260e+02   9.236346e+01
  3.261980e+00   1.544690e+02   9.140396e+01
  3.264740e+00   2.002750e+02   9.264268e+01
  3.267500e+00   2.139100e+02   9.279493e+01
  3.270260e+00   3.436680e+02   9.315478e+01
  3.273020e+00   3.494740e+02   9.245037e+01
  3.275780e+00   2.823330e+02   9.235009e+01
  3.278530e+00   2.064640e+02   9.233967e+01
  3.281290e+00   2.387610e+02   9.213786e+01
  3.284050e+00   2.970870e+02   9.286035e+01
  3.286810e+00   4.039680e+02   9.353200e+01
  3.289570e+00   2.372990e+02   9.244564e+01
  3.292330e+00   2.127530e+02   9.230476e+01
  3.295090e+00   2.095430e+02   9.213309e+01
  3.297850e+00   1.511120e+02   9.140269e+01
  3.300610e+00   1.174040e+02   9.175567e+01
  3.303370e+00   3.195000e+01   9.060785e+01
  3.306130e+00   1.554520e+02   9.229039e+01
  3.308890e+00   1.318630e+02   9.156552e+01
  3.311650e+00   2.059700e+02   9.193099e+01
  3.314410e+00   3.172430e+02   9.263303e+01
  3.317170e+00   6.965600e+01   9.066157e+01
  3.319930e+00   3.008300e+02   9.216944e+01
  3.322690e+00   3.162240e+02   9.307728e+01
  3.325450e+00   2.338730e+02   9.226584e+01
  3.328210e+00   2.708680e+02   9.243439e+01
  3.330970e+00   2.770300e+02   9.228439e+01
  3.333730e+00   2.919570e+02   9.249306e+01
  3.336490e+00   1.095550e+02   9.171161e+01
  3.339250e+00   2.529910e+02   9.223796e+01
  3.342010e+00   1.855400e+02   9.205943e+01
  3.344770e+00   1.598090e+02   9.222584e+01
  3.347530e+00   1.004010e+02   9.124450e+01
  3.350290e+00   2.203800e+02   9.159304e+01
  3.353040e+00   2.380300e+02   9.176636e+01
  3.355800e+00   2.904730e+02   9.290001e+01
  3.358560e+00   3.060560e+02   9.316611e+01
  3.361320e+00   4.553310e+02   9.371100e+01
  3.364080e+00   1.977430e+02   9.093324e+01
  3.366840e+00   2.035950e+02   9.155523e+01
  3.369600e+00   8.244500e+01   9.119414e+01
  3.372360e+00   2.606100e+01   9.106082e+01
  3.375120e+00   2.378060e+02   9.223125e+01
  3.377880e+00   2.234150e+02   9.165743e+01
  3.380640e+00   1.096910e+02   9.044291e+01
  3.383400e+00   2.078780e+02   9.131680e+01
  3.386160e+00   1.686240e+02   9.079993e+01
  3.388920e+00   3.277230e+02   9.199184e+01
  3.391680e+00   3.062410e+02   9.258337e+01
  3.394440e+00   2.691010e+02   9.464347e+01
  3.397200e+00   1.491220e+02   9.545601e+01
  3.399960e+00   1.676040e+02   9.637306e+01
  3.402720e+00   3.176560e+02   9.729068e+01
  3.405480e+00   7.018400e+01   9.803879e+01
  3.408240e+00   1.738260e+02   9.949261e+01
  3.411000e+00   1.093780e+02   9.879017e+01
  3.413760e+00   2.797080e+02   1.014336e+02
  3.416520e+00   2.294480e+02   1.011793e+02
  3.419280e+00   3.569100e+01   1.015630e+02
  3.422040e+00   1.435770e+02   1.022856e+02
  3.424800e+00  -3.826800e+01   1.019622e+02
  3.427550e+00   1.462430e+02   1.039040e+02
  3.430310e+00   3.088670e+02   1.055095e+02
  3.433070e+00   6.040500e+01   1.033165e+02
  3.435830e+00   4.140070e+02   1.069110e+02
  3.438590e+00   1.107690e+02   1.053004e+02
  3.441350e+00   2.617700e+02   1.048179e+02
  3.444110e+00   3.126180e+02   1.025678e+02
  3.446870e+00   2.920780e+02   1.012263e+02
  3.449630e+00   2.330400e+02   1.002642e+02
  3.452390e+00   2.316540e+02   9.947708e+01
  3.455150e+00   1.556480e+02   9.905208e+01
  3.457910e+00   1.413050e+02   9.768434e+01
  3.460670e+00   2.280840e+02   9.911503e+01
  3.463430e+00   1.561530e+02   9.825422e+01
  3.466190e+00   1.471780e+02   9.818519e+01
  3.468950e+00   1.917510e+02   9.778951e+01
  3.471710e+00   1.810920e+02   9.652458e+01
  3.474470e+00   2.253800e+01   9.691015e+01
  3.477230e+00   4.243200e+01   9.683674e+01
  3.479990e+00   2.894190e+02   9.811506e+01
  3.482750e+00   3.188230e+02   9.749961e+01
  3.485510e+00   2.365770e+02   9.769524e+01
  3.488270e+00   3.279770e+02   9.815473e+01
  3.491030e+00   2.138700e+02   9.754465e+01
  3.493790e+00   9.367700e+01   9.597270e+01
  3.496550e+00   9.094500e+01   9.534171e+01
  3.499310e+00   2.195540e+02   9.696518e+01
  3.502060e+00   6.513000e+01   9.556838e+01
  3.504820e+00   2.056620e+02   9.613824e+01
  3.507580e+00   1.917180e+02   9.629550e+01
  3.510340e+00   1.866070e+02   9.615032e+01
  3.513100e+00   2.337790e+02   9.653041e+01
  3.515860e+00   1.198980e+02   9.497200e+01
  3.518620e+00   2.518240e+02   9.623031e+01
  3.521380e+00   2.626400e+02   9.648521e+01
  3.524140e+00   3.970400e+01   9.506253e+01
  3.526900e+00   3.448350e+02   9.667899e+01
  3.529660e+00   1.920270e+02   9.543793e+01
  3.532420e+00   3.640940e+02   9.724074e+01
  3.535180e+00   1.134550e+02   9.522835e+01
  3.537940e+00   2.516090e+02   9.561242e+01
  3.540700e+00   1.385940e+02   9.586774e+01
  3.543460e+00   2.805550e+02   9.611399e+01
  3.546220e+00   9.114200e+01   9.515987e+01
  3.548980e+00   1.894700e+02   9.567080e+01
  3.551740e+00   1.720810e+02   9.502990e+01
  3.554500e+00   1.246220e+02   9.528751e+01
  3.557260e+00   1.153110e+02   9.526889e+01
  3.560020e+00   2.777300e+02   9.628846e+01
  3.562780e+00   2.568060e+02   9.578755e+01
  3.565540e+00   1.724090e+02   9.481945e+01
  3.568300e+00   2.299110e+02   9.609316e+01
  3.571060e+00   1.447300e+02   9.540043e+01
  3.573820e+00   1.165300e+02   9.482853e+01
  3.576580e+00   2.882280e+02   9.601939e+01
  3.579330e+00   4.396000e+00   9.404219e+01
  3.582090e+00   1.361000e+02   9.516438e+01
  3.584850e+00   1.915700e+02   9.519160e+01
  3.587610e+00   2.408880e+02   9.525436e+01
  3.590370e+00   3.289510e+02   9.592704e+01
  3.593130e+00   3.102400e+02   9.645888e+01
  3.595890e+00   1.494580e+02   9.476059e+01
  3.598650e+00   5.751800e+01   9.416309e+01
  3.601410e+00   1.103690e+02   9.419638e+01
  3.604170e+00   1.647020e+02   9.487723e+01
  3.606930e+00   1.430270e+02   9.463798e+01
  3.609690e+00   2.477340e+02   9.488246e+01
  3.612450e+00   1.298610e+02   9.414581e+01
  3.615210e+00   3.186900e+01   9.401591e+01
  3.617970e+00   1.884650e+02   9.430157e+01
  3.620730e+00   3.100110e+02   9.466673e+01
  3.623490e+00   1.931950e+02   9.343803e+01
  3.626250e+00   7.438800e+01   9.365454e+01
  3.629010e+00   4.608580e+02   9.565886e+01
  3.631770e+00   2.184050e+02   9.409499e+01
  3.634530e+00   2.381210e+02   9.447377e+01
  3.637290e+00   2.807250e+02   9.493374e+01
  3.640050e+00   3.581710e+02   9.486607e+01
  3.642810e+00   3.935680e+02   9.524995e+01
  3.645570e+00   6.629300e+01   9.354551e+01
  3.648330e+00   8.013800e+01   9.310767e+01
  3.651090e+00   4.858100e+01   9.318879e+01
  3.653840e+00   2.038470e+02   9.401460e+01
  3.656600e+00   3.782770e+02   9.421411e+01
  3.659360e+00  -7.109000e+01   9.241332e+01
  3.662120e+00   1.804840e+02   9.365882e+01
  3.664880e+00  -1.288120e+02   9.208867e+01
  3.667640e+00   1.666170e+02   9.368241e+01
  3.670400e+00   2.933120e+02   9.414512e+01
  3.673160e+00   2.158260e+02   9.402553e+01
  3.675920e+00   7.415600e+01   9.256213e+01
  3.678680e+00   6.066800e+01   9.299142e+01
  3.681440e+00   4.476200e+01   9.272068e+01
  3.684200e+00   2.949400e+01   9.262644e+01
  3.686960e+00   2.682230e+02   9.446796e+01
  3.689720e+00   2.329520e+02   9.393508e+01
  3.692480e+00   2.994440e+02   9.411070e+01
  3.695240e+00   1.531810e+02   9.389501e+01
  3.698000e+00   2.338200e+02   9.514326e+01
  3.700760e+00   7.896700e+01   9.346338e+01
  3.703520e+00   9.861400e+01   9.288286e+01
  3.706280e+00   1.320110e+02   9.333481e+01
  3.709040e+00   1.560390e+02   9.395909e+01
  3.711800e+00   9.459000e+01   9.339551e+01
  3.714560e+00   1.602840e+02   9.357803e+01
  3.717320e+00   2.178520e+02   9.365294e+01
  3.720080e+00   1.464690e+02   9.385118e+01
  3.722840e+00   1.481880e+02   9.369543e+01
  3.725600e+00   3.305340e+02   9.419300e+01
  3.728350e+00   2.895030e+02   9.428640e+01
  3.731110e+00   1.882430e+02   9.427224e+01
  3.733870e+00   1.747800e+02   9.418884e+01
  3.736630e+00  -1.760300e+01   9.258172e+01
  3.739390e+00   2.814910e+02   9.417513e+01
  3.742150e+00   2.080600e+02   9.380320e+01
  3.744910e+00   1.011880e+02   9.308675e+01
  3.747670e+00   1.893660e+02   9.392905e+01
  3.750430e+00   2.292470e+02   9.327746e+01
  3.753190e+00   2.545100e+02   9.408643e+01
  3.755950e+00   2.229760e+02   9.395909e+01
  3.758710e+00   1.493750e+02   9.384449e+01
  3.761470e+00   2.086280e+02   9.396040e+01
  3.764230e+00  -2.644400e+01   9.241184e+01
  3.766990e+00   2.690180e+02   9.467278e+01
  3.769750e+00   1.677400e+02   9.436713e+01
  3.772510e+00   2.678620e+02   9.476204e+01
  3.775270e+00  -2.239600e+01   9.133816e+01
  3.778030e+00   6.523000e+00   9.213205e+01
  3.780790e+00   3.113910e+02   9.509706e+01
  3.783550e+00   9.093600e+01   9.351500e+01
  3.786310e+00   1.269780e+02   9.339701e+01
  3.789070e+00   1.303510e+02   9.303910e+01
  3.791830e+00   1.139070e+02   9.344204e+01
  3.794590e+00   7.345600e+01   9.358540e+01
  3.797350e+00   1.756830e+02   9.379168e+01
  3.800110e+00   1.821460e+02   9.347364e+01
  3.802860e+00   1.057910e+02   9.276951e+01
  3.805620e+00   2.514440e+02   9.429203e+01
  3.808380e+00   1.781910e+02   9.333394e+01
  3.811140e+00   1.004490e+02   9.294482e+01
  3.813900e+00   1.946400e+02   9.418128e+01
  3.816660e+00   1.608320e+02   9.331746e+01
  3.819420e+00   2.889020e+02   9.454022e+01
  3.822180e+00   4.547700e+01   9.290045e+01
  3.824940e+00   1.823990e+02   9.297655e+01
  3.827700e+00   8.645700e+01   9.336911e+01
  3.830460e+00   2.317870e+02   9.414375e+01
  3.833220e+00   1.300850e+02   9.312446e+01
  3.835980e+00   1.618560e+02   9.332450e+01
  3.838740e+00   3.591810e+02   9.561190e+01
  3.841500e+00   1.886490e+02   9.404866e+01
  3.844260e+00   2.324840e+02   9.361720e+01
  3.847020e+00   2.703960e+02   9.406075e+01
  3.849780e+00   3.228340e+02   9.497670e+01
  3.852540e+00   1.264280e+02   9.337252e+01
  3.855300e+00   1.968370e+02   9.352716e+01
  3.858060e+00   2.901870e+02   9.386123e+01
  3.860820e+00   2.028710e+02   9.389890e+01
  3.863580e+00   1.956430e+02   9.456113e+01
  3.866340e+00   2.457080e+02   9.425777e+01
  3.869100e+00   2.823230e+02   9.436153e+01
  3.871860e+00   2.125400e+02   9.378704e+01
  3.874620e+00   3.323180e+02   9.428274e+01
  3.877370e+00   2.677160e+02   9.360177e+01
  3.880130e+00   1.100090e+02   9.222919e+01
  3.882890e+00   4.196300e+01   9.264716e+01
  3.885650e+00   4.207980e+02   9.479210e+01
  3.888410e+00   7.056800e+01   9.211057e+01
  3.891170e+00   1.006410e+02   9.189813e+01
  3.893930e+00   2.866550e+02   9.386366e+01
  3.896690e+00   2.208750e+02   9.327115e+01
  3.899450e+00   2.464070e+02   9.277843e+01
  3.902210e+00   1.319320e+02   9.189852e+01
  3.904970e+00   2.695700e+02   9.294192e+01
  3.907730e+00   2.009920e+02   9.298681e+01
  3.910490e+00   7.334700e+01   9.189115e+01
  3.913250e+00   2.143950e+02   9.269919e+01
  3.916010e+00   1.654850e+02   9.225959e+01
  3.918770e+00   2.803140e+02   9.427516e+01
  3.921530e+00   2.266870e+02   9.261844e+01
  3.924290e+00   3.679030e+02   9.416415e+01
  3.927050e+00   1.978310e+02   9.234822e+01
  3.929810e+00   9.718300e+01   9.181961e+01
  3.932570e+00   1.994930e+02   9.321779e+01
  3.935330e+00   8.182300e+01   9.181435e+01
  3.938090e+00   1.229460e+02   9.206582e+01
  3.940850e+00   9.998200e+01   9.232509e+01
  3.943610e+00   3.490280e+02   9.409046e+01
  3.946370e+00   2.070270e+02   9.353423e+01
  3.949130e+00   1.968860e+02   9.303221e+01
  3.951880e+00   1.187300e+02   9.186228e+01
  3.954640e+00   3.425000e+02   9.364870e+01
  3.957400e+00   1.648530e+02   9.245809e+01
  3.960160e+00  -1.456200e+01   9.130038e+01
  3.962920e+00   3.133860e+02   9.244397e+01
  3.965680e+00  -3.305000e+00   9.155723e+01
  3.968440e+00   1.758250e+02   9.298624e+01
  3.971200e+00   3.230840e+02   9.294582e+01
  3.973960e+00   1.554970e+02   9.258600e+01
  3.976720e+00   3.481810e+02   9.405638e+01
  3.979480e+00   2.853740e+02   9.716137e+01
  3.982240e+00   1.659270e+02   9.786105e+01
  3.985000e+00   2.445690e+02   9.958844e+01
  3.987760e+00  -6.957700e+01   9.877472e+01
  3.990520e+00   1.491430e+02   1.015594e+02
  3.993280e+00   1.206750e+02   1.014168e+02
  3.996040e+00   8.223000e+01   1.023566e+02
  3.998800e+00   2.866640e+02   1.043537e+02
  4.001560e+00   2.897320e+02   1.059871e+02
  4.004320e+00   7.613900e+01   1.051411e+02
  4.007080e+00   1.124420e+02   1.046776e+02
  4.009840e+00   7.521500e+01   1.062912e+02
  4.012600e+00  -6.592000e+00   1.058828e+02
  4.015360e+00   3.095480e+02   1.099968e+02
  4.018120e+00   7.443600e+01   1.073305e+02
  4.020880e+00   3.475890e+02   1.103392e+02
  4.023640e+00   1.712060e+02   1.105305e+02
  4.026400e+00   1.478790e+02   1.070332e+02
  4.029150e+00  -7.215200e+01   1.022271e+02
  4.031910e+00   2.886310e+02   1.040565e+02
  4.034670e+00   2.127170e+02   1.029679e+02
  4.037430e+00   4.299290e+02   1.050425e+02
  4.040190e+00   2.236810e+02   1.026434e+02
  4.042950e+00   1.303820e+02   9.991270e+01
  4.045710e+00   2.130050e+02   1.011014e+02
  4.048470e+00   3.372910e+02   1.017263e+02
  4.051230e+00   1.609470e+02   9.989473e+01
  4.053990e+00   2.975410e+02   1.004853e+02
  4.056750e+00   4.476990e+02   1.022247e+02
  4.059510e+00   1.062330e+02   9.931929e+01
  4.062270e+00   1.909400e+02   9.956746e+01
  4.065030e+00   3.655230e+02   9.983126e+01
  4.067790e+00   2.999990e+02   9.964961e+01
  4.070550e+00   8.365500e+01   9.829355e+01
  4.073310e+00   2.456400e+02   1.000690e+02
  4.076070e+00   3.280830e+02   9.971740e+01
  4.078830e+00   2.355920e+02   9.830992e+01
  4.081590e+00   1.464380e+02   9.749838e+01
  4.084350e+00   2.041670e+02   9.780375e+01
  4.087110e+00   6.623900e+01   9.643597e+01
  4.089870e+00   2.097060e+02   9.663021e+01
  4.092630e+00   2.963600e+02   9.814273e+01
  4.095390e+00   9.197200e+01   9.612165e+01
  4.098150e+00   9.517100e+01   9.623630e+01
  4.100910e+00   1.436180e+02   9.524253e+01
  4.103660e+00   2.950290e+02   9.655644e+01
  4.106420e+00   1.077050e+02   9.625491e+01
  4.109180e+00   2.337000e+02   9.774865e+01
  4.111940e+00   8.899900e+01   9.492457e+01
  4.114700e+00   5.633900e+01   9.500882e+01
  4.117460e+00   3.220290e+02   9.779436e+01
  4.120220e+00   1.158940e+02   9.641892e+01
  4.122980e+00   2.338490e+02   9.687002e+01
  4.125740e+00   3.638310e+02   9.755282e+01
  4.128500e+00   1.671590e+02   9.643339e+01
  4.131260e+00   1.920130e+02   9.618447e+01
  4.134020e+00   1.662940e+02   9.588535e+01
  4.136780e+00   1.976670e+02   9.582118e+01
  4.139540e+00   9.860700e+01   9.551982e+01
  4.142300e+00   1.007200e+02   9.599993e+01
  4.145060e+00   2.052620e+02   9.632225e+01
  4.147820e+00   2.155970e+02   9.560418e+01
  4.150580e+00   7.073800e+01   9.521550e+01
  4.153340e+00   2.127020e+02   9.595050e+01
  4.156100e+00   2.296540e+02   9.611148e+01
  4.158860e+00   7.548900e+01   9.481755e+01
  4.161620e+00   3.246040e+02   9.736958e+01
  4.164380e+00   2.836800e+02   9.615011e+01
  4.167140e+00   2.382300e+02   9.611251e+01
  4.169900e+00   2.444010e+02   9.520251e+01
  4.172660e+00   2.813700e+02   9.640599e+01
  4.175420e+00   1.715960e+02   9.639031e+01
  4.178170e+00   2.868400e+02   9.694851e+01
  4.180930e+00   1.294900e+02   9.491976e+01
  4.183690e+00   1.361160e+02   9.508599e+01
  4.186450e+00   9.216600e+01   9.523926e+01
  4.189210e+00   2.191320e+02   9.506042e+01
  4.191970e+00   1.747860e+02   9.591863e+01
  4.194730e+00  -5.421700e+01   9.377537e+01
  4.197490e+00  -1.659600e+01   9.357942e+01
  4.200250e+00   2.921640e+02   9.618370e+01
  4.203010e+00   2.985120e+02   9.662033e+01
  4.205770e+00   1.061590e+02   9.444320e+01
  4.208530e+00   3.393620e+02   9.618074e+01
  4.211290e+00   2.177590e+02   9.503523e+01
  4.214050e+00   1.560560e+02   9.531122e+01
  4.216810e+00   1.314120e+02   9.438343e+01
  4.219570e+00   1.710470e+02   9.499077e+01
  4.222330e+00   1.640420e+02   9.518608e+01
  4.225090e+00   2.484750e+02   9.578494e+01
  4.227850e+00   2.457450e+02   9.569429e+01
  4.230610e+00   1.380430e+02   9.433295e+01
  4.233370e+00   2.619340e+02   9.582805e+01
  4.236130e+00   4.437880e+02   9.674529e+01
  4.238890e+00   2.133270e+02   9.535057e+01
  4.241650e+00   1.978620e+02   9.455839e+01
  4.244410e+00   2.533280e+02   9.588794e+01
  4.247170e+00   6.881900e+01   9.406115e+01
  4.249930e+00   2.646200e+02   9.529301e+01
  4.252680e+00   1.371630e+02   9.398015e+01
  4.255440e+00   3.181140e+02   9.588929e+01
  4.258200e+00   2.381260e+02   9.574056e+01
  4.260960e+00   2.976230e+02   9.569808e+01
  4.263720e+00   1.853030e+02   9.476586e+01
  4.266480e+00   2.096170e+02   9.516974e+01
  4.269240e+00   2.192420e+02   9.496040e+01
  4.272000e+00   2.714210e+02   9.559189e+01
  4.274760e+00   9.174000e+01   9.404545e+01
  4.277520e+00   3.142500e+01   9.298990e+01
  4.280280e+00   1.176910e+02   9.397500e+01
  4.283040e+00   1.884180e+02   9.458073e+01
  4.285800e+00   2.080670e+02   9.419121e+01
  4.288560e+00   1.886730e+02   9.444346e+01
  4.291320e+00   2.528320e+02   9.531035e+01
  4.294080e+00   1.738240e+02   9.437192e+01
  4.296840e+00   2.325810e+02   9.459057e+01
  4.299600e+00   1.573370e+02   9.435319e+01
  4.302360e+00   1.178180e+02   9.433568e+01
  4.305120e+00   1.468430e+02   9.434129e+01
  4.307880e+00   1.124270e+02   9.404536e+01
  4.310640e+00   1.038380e+02   9.352996e+01
  4.313400e+00   1.639810e+02   9.431201e+01
  4.316160e+00   2.159030e+02   9.496746e+01
  4.318920e+00   2.389190e+02   9.456771e+01
  4.321680e+00   1.778070e+02   9.487999e+01
  4.324440e+00   8.703300e+01   9.329314e+01
  4.327190e+00   1.994960e+02   9.503866e+01
  4.329950e+00   1.235410e+02   9.391655e+01
  4.332710e+00   5.440100e+01   9.288863e+01
  4.335470e+00   2.242490e+02   9.419736e+01
  4.338230e+00   9.595500e+01   9.344796e+01
  4.340990e+00   9.267700e+01   9.366632e+01
  4.343750e+00   3.095790e+02   9.583605e+01
  4.346510e+00   1.665640e+02   9.464836e+01
  4.349270e+00   2.830030e+02   9.537909e+01
  4.352030e+00   1.190980e+02   9.377163e+01
  4.354790e+00   1.829510e+02   9.432222e+01
  4.357550e+00   1.427690e+02   9.423969e+01
  4.360310e+00   3.567180e+02   9.556366e+01
  4.363070e+00   1.312600e+02   9.424850e+01
  4.365830e+00   2.231410e+02   9.476498e+01
  4.368590e+00   2.138490e+02   9.434794e+01
  4.371350e+00   7.985000e+01   9.377631e+01
  4.374110e+00   1.012870e+02   9.364928e+01
  4.376870e+00   3.055330e+02   9.516866e+01
  4.379630e+00   8.732200e+01   9.383223e+01
  4.382390e+00   1.033410e+02   9.370515e+01
  4.385150e+00   1.889260e+02   9.434155e+01
  4.387910e+00   2.772600e+02   9.454429e+01
  4.390670e+00   5.113600e+01   9.332765e+01
  4.393430e+00   2.219270e+02   9.415648e+01
  4.396190e+00   1.934440e+02   9.406764e+01
  4.398950e+00   2.737000e+00   9.243759e+01
  4.401700e+00   2.196110e+02   9.388494e+01
  4.404460e+00   1.572440e+02   9.281880e+01
  4.407220e+00   2.236510e+02   9.347775e+01
  4.409980e+00   2.660410e+02   9.339542e+01
  4.412740e+00   1.767910e+02   9.347162e+01
  4.415500e+00   3.018900e+02   9.346016e+01
  4.418260e+00   2.677340e+02   9.382289e+01
  4.421020e+00   4.313800e+01   9.218688e+01
  4.423780e+00   1.652160e+02   9.302735e+01
  4.426540e+00   1.478180e+02   9.260728e+01
  4.429300e+00   1.833330e+02   9.325358e+01
  4.432060e+00   2.674630e+02   9.375886e+01
  4.434820e+00   2.576610e+02   9.291296e+01
  4.437580e+00   1.816330e+02   9.211865e+01
  4.440340e+00  -4.506100e+01   9.081871e+01
  4.443100e+00   1.762370e+02   9.295187e+01
  4.445860e+00   1.883250e+02   9.248964e+01
  4.448620e+00   1.715590e+02   9.309683e+01
  4.451380e+00   1.512610e+02   9.187158e+01
  4.454140e+00   1.611170e+02   9.287413e+01
  4.456900e+00   6.003300e+01   9.180549e+01
  4.459660e+00   1.573130e+02   9.288164e+01
  4.462420e+00   9.729900e+01   9.192797e+01
  4.465180e+00   3.170180e+02   9.421431e+01
  4.467940e+00   1.469490e+02   9.191713e+01
  4.470700e+00   3.328980e+02   9.412097e+01
  4.473460e+00   1.405900e+01   9.191811e+01
  4.476220e+00   1.241760e+02   9.279085e+01
  4.478970e+00   1.445950e+02   9.364580e+01
  4.481730e+00   3.322310e+02   9.345849e+01
  4.484490e+00   2.384850e+02   9.297951e+01
  4.487250e+00  -3.612000e+00   9.156944e+01
  4.490010e+00   2.437600e+02   9.303676e+01
  4.492770e+00   3.361150e+02   9.398598e+01
  4.495530e+00   3.041930e+02   9.341539e+01
  4.498290e+00   2.045670e+02   9.271466e+01
  4.501050e+00   3.027380e+02   9.399100e+01
  4.503810e+00   7.850900e+01   9.224560e+01
  4.506570e+00   3.094550e+02   9.400501e+01
  4.509330e+00   5.741600e+01   9.190009e+01
  4.512090e+00   2.839060e+02   9.364738e+01
  4.514850e+00   4.880400e+01   9.197655e+01
  4.517610e+00   3.285500e+02   9.419185e+01
  4.520370e+00   2.741010e+02   9.295876e+01
  4.523130e+00   2.082150e+02   9.309746e+01
  4.525890e+00   1.832650e+02   9.355931e+01
  4.528650e+00   2.861730e+02   9.348393e+01
  4.531410e+00   2.359660e+02   9.289857e+01
  4.534170e+00   2.307600e+02   9.343310e+01
  4.536930e+00   2.479120e+02   9.380953e+01
  4.539690e+00   2.641540e+02   9.311335e+01
  4.542450e+00   5.946400e+01   9.279826e+01
  4.545210e+00   1.376190e+02   9.271633e+01
  4.547970e+00   9.640500e+01   9.229928e+01
  4.550730e+00   3.026720e+02   9.342899e+01
  4.553480e+00   1.280830e+02   9.239800e+01
  4.556240e+00   5.726400e+01   9.141565e+01
  4.559000e+00   2.321690e+02   9.312651e+01
  4.561760e+00   2.844260e+02   9.414216e+01
  4.564520e+00   3.204990e+02   9.728247e+01
  4.567280e+00   4.584000e+00   9.674388e+01
  4.570040e+00   3.615010e+02   1.008366e+02
  4.572800e+00   3.095860e+02   1.016807e+02
  4.575560e+00   2.023580e+02   1.017430e+02
  4.578320e+00   1.808690e+02   1.018425e+02
  4.581080e+00   4.012250e+02   1.047535e+02
  4.583840e+00   4.650600e+01   1.033353e+02
  4.586600e+00   1.050730e+02   1.043416e+02
  4.589360e+00   2.631900e+02   1.065585e+02
  4.592120e+00   4.215580e+02   1.075880e+02
  4.594880e+00   2.643790e+02   1.082015e+02
  4.597640e+00   4.132940e+02   1.097574e+02
  4.600400e+00   2.944730e+02   1.091570e+02
  4.603160e+00   9.812600e+01   1.075783e+02
  4.605920e+00   1.967580e+02   1.091406e+02
  4.608680e+00   1.512690e+02   1.107888e+02
  4.611440e+00   2.419920e+02   1.123969e+02
  4.614200e+00   2.202700e+02   1.118890e+02
  4.616960e+00   2.005150e+02   1.125993e+02
  4.619720e+00   1.874250e+02   1.144874e+02
  4.622480e+00   4.504500e+01   1.136085e+02
  4.625240e+00   1.893130e+02   1.140794e+02
  4.627990e+00   1.269690e+02   1.158166e+02
  4.630750e+00   1.386710e+02   1.173695e+02
  4.633510e+00   1.113600e+02   1.160679e+02
  4.636270e+00   1.919350e+02   1.183186e+02
  4.639030e+00   2.705050e+02   1.196137e+02
  4.641790e+00   2.130270e+02   1.193857e+02
  4.644550e+00   2.977880e+02   1.217125e+02
  4.647310e+00   2.840990e+02   1.215398e+02
  4.650070e+00   1.907370e+02   1.212568e+02
  4.652830e+00   3.515630e+02   1.240824e+02
  4.655590e+00   2.474620e+02   1.242454e+02
  4.658350e+00   5.049120e+02   1.260290e+02
  4.661110e+00   2.227930e+02   1.238652e+02
  4.663870e+00   1.864330e+02   1.244124e+02
  4.666630e+00   2.638390e+02   1.259816e+02
  4.669390e+00   1.538000e+01   1.256143e+02
  4.672150e+00   7.475300e+01   1.249877e+02
  4.674910e+00   1.984430e+02   1.270672e+02
  4.677670e+00   2.528550e+02   1.294840e+02
  4.680430e+00   2.326200e+02   1.308802e+02
  4.683190e+00   1.277300e+01   1.285636e+02
  4.685950e+00   2.864140e+02   1.318145e+02
  4.688710e+00   4.389170e+02   1.332868e+02
  4.691470e+00   1.972750e+02   1.326310e+02
  4.694230e+00   3.582350e+02   1.369138e+02
  4.696990e+00   8.594500e+01   1.332526e+02
  4.699750e+00  -1.131390e+02   1.320229e+02
  4.702500e+00   3.616530e+02   1.388318e+02
  4.705260e+00   3.957100e+01   1.369509e+02
  4.708020e+00   3.611760e+02   1.390550e+02
  4.710780e+00  -5.820000e+00   1.364745e+02
  4.713540e+00   3.929700e+02   1.420624e+02
  4.716300e+00   2.916200e+01   1.386577e+02
  4.719060e+00   1.509690e+02   1.395916e+02
  4.721820e+00   2.135370e+02   1.428848e+02
  4.724580e+00   2.370320e+02   1.447247e+02
  4.727340e+00   1.520690e+02   1.442104e+02
  4.730100e+00   2.390100e+02   1.450976e+02
  4.732860e+00   9.511100e+01   1.428348e+02
  4.735620e+00   1.919200e+02   1.480572e+02
  4.738380e+00   4.328710e+02   1.507975e+02
  4.741140e+00  -8.977100e+01   1.452505e+02
  4.743900e+00   2.455030e+02   1.494750e+02
  4.746660e+00  -5.046800e+01   1.475225e+02
  4.749420e+00   1.849910e+02   1.516074e+02
  4.752180e+00   2.021210e+02   1.531496e+02
  4.754940e+00   4.218430e+02   1.568334e+02
  4.757700e+00   2.915490e+02   1.564537e+02
  4.760460e+00   3.789940e+02   1.585474e+02
  4.763220e+00   4.045940e+02   1.602419e+02
  4.765980e+00   1.749230e+02   1.558078e+02
  4.768740e+00   3.468570e+02   1.610204e+02
  4.771500e+00   1.307550e+02   1.608858e+02
  4.774260e+00   1.022280e+02   1.591441e+02
  4.777010e+00  -1.501390e+02   1.564774e+02
  4.779770e+00  -3.937400e+01   1.613365e+02
  4.782530e+00   6.163100e+01   1.643808e+02
  4.785290e+00   2.106200e+02   1.690016e+02
  4.788050e+00   2.850350e+02   1.694494e+02
  4.790810e+00   2.326480e+02   1.693216e+02
  4.793570e+00   1.285230e+02   1.711212e+02
  4.796330e+00   2.527210e+02   1.722456e+02
  4.799090e+00   3.033360e+02   1.756391e+02
  4.801850e+00   2.303140e+02   1.738222e+02
  4.804610e+00   2.908780e+02   1.788769e+02
  4.807370e+00   1.793400e+01   1.758653e+02
  4.810130e+00  -2.565900e+01   1.768569e+02
  4.812890e+00   2.812800e+01   1.785952e+02
  4.815650e+00   1.785770e+02   1.801540e+02
  4.818410e+00   1.863740e+02   1.838783e+02
  4.821170e+00  -3.150000e+01   1.844053e+02
  4.823930e+00   1.819960e+02   1.847952e+02
  4.826690e+00   5.183210e+02   1.924886e+02
  4.829450e+00   5.812000e+01   1.899425e+02
  4.832210e+00   3.793900e+02   1.969431e+02
  4.834970e+00   4.800770e+02   1.957629e+02
  4.837730e+00  -3.768600e+01   1.952966e+02
  4.840490e+00   3.246970e+02   1.995561e+02
  4.843250e+00   3.151360e+02   2.015290e+02
  4.846010e+00   5.065120e+02   2.079954e+02
  4.848770e+00  -9.673500e+01   1.960973e+02
  4.851520e+00   2.121150e+02   2.078061e+02
  4.854280e+00   1.238330e+02   2.081262e+02
  4.857040e+00   2.141390e+02   2.154534e+02
  4.859800e+00  -7.692300e+01   2.088868e+02
  4.862560e+00   2.956980e+02   2.182726e+02
  4.865320e+00   4.567130e+02   2.232592e+02
  4.868080e+00  -5.875000e+00   2.214659e+02
  4.870840e+00  -1.485000e+01   2.185923e+02
  4.873600e+00   2.415400e+01   2.239854e+02
  4.876360e+00  -5.997200e+01   2.234392e+02
  4.879120e+00   2.140000e+00   2.309919e+02
  4.881880e+00  -6.586400e+01   2.270523e+02
  4.884640e+00   1.021500e+02   2.351374e+02
  4.887400e+00   1.826550e+02   2.453109e+02
  4.890160e+00   6.259710e+02   2.507039e+02
  4.892920e+00   1.900390e+02   2.482737e+02
  4.895680e+00   1.541580e+02   2.477203e+02
  4.898440e+00   6.528620e+02   2.635236e+02
  4.901200e+00   2.653660e+02   2.628491e+02
  4.903960e+00   4.459300e+01   2.688061e+02
  4.906720e+00  -6.797000e+00   2.552678e+02
  4.909480e+00   3.185430e+02   2.770797e+02
  4.912240e+00   1.035880e+02   2.758728e+02
  4.915000e+00   1.084670e+02   2.875230e+02
  4.917760e+00   3.771980e+02   2.800245e+02
  4.920520e+00   4.004270e+02   2.957320e+02
  4.923280e+00  -1.833800e+02   2.846226e+02
  4.926040e+00   8.773100e+01   2.952664e+02
  4.928790e+00  -1.202180e+02   2.918781e+02
  4.931550e+00  -3.092550e+02   2.912475e+02
  4.934310e+00   1.180190e+02   3.064189e+02
  4.937070e+00   5.164360e+02   3.206147e+02
  4.939830e+00   6.947690e+02   3.190042e+02
  4.942590e+00  -3.577660e+02   2.990450e+02
  4.945350e+00   6.626530e+02   3.333559e+02
  4.948110e+00  -1.852070e+02   3.152532e+02
  4.950870e+00  -1.601630e+02   3.201463e+02
  4.953630e+00  -1.168620e+02   3.100211e+02
  4.956390e+00  -1.057770e+02   3.165000e+02
  4.959150e+00   1.952680e+02   3.475292e+02
  4.961910e+00   3.636230e+02   3.482965e+02
  4.964670e+00   9.523900e+01   3.365779e+02
  4.967430e+00   5.369300e+02   3.571318e+02
  4.970190e+00   2.019640e+02   3.672193e+02
  4.972950e+00   2.091200e+02   3.721826e+02
  4.975710e+00   3.922890e+02   3.760493e+02
  4.978470e+00   4.682090e+02   3.827976e+02
  4.981230e+00   1.078940e+02   3.673054e+02
  4.983990e+00  -2.934120e+02   3.817732e+02
  4.986750e+00   1.304600e+02   3.885104e+02
  4.989510e+00  -3.400900e+01   3.794125e+02
  4.992270e+00  -4.451380e+02   3.795686e+02
  4.995030e+00  -3.990860e+02   4.029708e+02
  4.997790e+00   9.876000e+01   4.180948e+02
  5.000550e+00   1.710710e+02   4.260471e+02
  5.003300e+00   3.957300e+01   4.304556e+02
  5.006060e+00   2.484950e+02   4.371383e+02
  5.008820e+00   4.521620e+02   4.668506e+02
  5.011580e+00   7.230020e+02   4.729281e+02
  5.014340e+00   9.825860e+02   4.817857e+02
  5.017100e+00   5.011290e+02   4.919910e+02
  5.019860e+00   4.267500e+02   5.015693e+02
  5.022620e+00  -1.912990e+02   4.850770e+02
  5.025380e+00   5.256810e+02   5.305842e+02
  5.028140e+00  -3.069000e+01   5.369361e+02
  5.030900e+00  -9.769950e+02   5.061029e+02
  5.033660e+00  -4.891530e+02   5.549687e+02
  5.036420e+00   1.331680e+02   5.538821e+02
  5.039180e+00   7.602830e+02   6.358381e+02
  5.041940e+00  -4.530850e+02   5.874978e+02
  5.044700e+00   1.235330e+02   6.523959e+02
  5.047460e+00   1.524710e+02   6.541201e+02
  5.050220e+00   4.093880e+02   7.178666e+02
  5.052980e+00   1.155420e+02   7.180673e+02
  5.055740e+00   1.124797e+03   8.991838e+02
  5.058500e+00  -5.513080e+02   8.228337e+02
  5.061260e+00   1.026095e+03   8.909013e+02
  5.064020e+00  -5.878810e+02   8.832012e+02
working-directory: /dataInt/p12/graewert/2017-09-15/BatchMode3
angular-axis-file: etc/radial-averaging/saxs-2/saxis_saxs2_20170822.dat
beamstop-mask-file: etc/radial-averaging/saxs-2/mask_saxs2_20170822.msk
detector-response-file: none
flatfield-file: none
beam-center-x: 667.1000
beam-center-y: 1652.2000
unit-time: 100.0000
channel-first: 7
channel-last: 1833
angular-unit: nanometer
PETRA Current: 100.31
Wavelength [nm]: 1.240
Bragg Angle [mrad]: 10.953
QBPM 1: 3.580e-7
Diode 2: 6.485e-8
Diode 1: 7.972e-11
SC Target Temperature: nan
SC Current Temperature: 21.2
SEU Target Temperature: nan
SEU Current Temperature: 20.4
Detector Position: 2
Run Number: 10
Partial Specific Volume [cm^3/g]: 0.732
Buffer: buffer
Exposure time [s]: 0.045
Concentration [mg/ml]: 6.15
Contrast [10^10cm^-2]: 2.953
Exposure Delay [s]: 0.000
Sample: BSA_pI
Code: BSA_pI_buffer
Exposure period [s]: 0.050
Transmitted Beam (mean): .3303
parent: analysis/processed/averaged/BSA_pI_buffer_0010_sample.dat
parent: analysis/processed/averaged/BSA_pI_buffer_0010_buffer.dat
creator: datop
creator-version: v0.4 (r9729)
datop-operation: analysis/processed/averaged/BSA_pI_buffer_0010_sample.dat SUB analysis/processed/averaged/BSA_pI_buffer_0010_buffer.dat
