Sample description: 
Sample:   c= 12.3000 mg/ml  Code: BSA_pI_buffer
Parent(s): analysis/processed/averaged/BSA_pI_buffer_0007_sample.dat analysis/processed/averaged/BSA_pI_buffer_0007_buffer.dat
  2.492870e-02   1.624020e+05   1.896810e+04
  2.768840e-02   1.813490e+05   1.606084e+04
  3.044800e-02   1.602815e+05   1.231475e+04
  3.320760e-02   1.639624e+05   9.562411e+03
  3.596720e-02   1.510561e+05   7.434210e+03
  3.872690e-02   1.560909e+05   6.374129e+03
  4.148650e-02   1.595140e+05   5.509453e+03
  4.424610e-02   1.503805e+05   4.625615e+03
  4.700580e-02   1.512081e+05   4.012880e+03
  4.976540e-02   1.427254e+05   3.524586e+03
  5.252500e-02   1.495673e+05   3.298799e+03
  5.528470e-02   1.476576e+05   3.058847e+03
  5.804430e-02   1.502590e+05   2.820632e+03
  6.080390e-02   1.490460e+05   2.684622e+03
  6.356360e-02   1.485669e+05   2.489416e+03
  6.632320e-02   1.511538e+05   2.433641e+03
  6.908280e-02   1.500804e+05   2.323408e+03
  7.184250e-02   1.498247e+05   2.203171e+03
  7.460210e-02   1.502524e+05   2.198928e+03
  7.736170e-02   1.467584e+05   2.067254e+03
  8.012140e-02   1.478999e+05   2.071335e+03
  8.288100e-02   1.488065e+05   2.069634e+03
  8.564060e-02   1.485466e+05   2.071588e+03
  8.840030e-02   1.474718e+05   2.070516e+03
  9.115990e-02   1.518393e+05   2.003685e+03
  9.391950e-02   1.480469e+05   2.013122e+03
  9.667920e-02   1.490789e+05   1.997769e+03
  9.943880e-02   1.460430e+05   1.932767e+03
  1.021980e-01   1.465807e+05   1.930269e+03
  1.049580e-01   1.455256e+05   1.867976e+03
  1.077180e-01   1.473254e+05   1.909106e+03
  1.104770e-01   1.449109e+05   1.861909e+03
  1.132370e-01   1.471764e+05   1.812085e+03
  1.159970e-01   1.467097e+05   1.839944e+03
  1.187560e-01   1.494954e+05   1.781392e+03
  1.215160e-01   1.464855e+05   1.793874e+03
  1.242750e-01   1.456381e+05   1.787404e+03
  1.270350e-01   1.461173e+05   1.714898e+03
  1.297950e-01   1.455929e+05   1.760078e+03
  1.325540e-01   1.469538e+05   1.687266e+03
  1.353140e-01   1.444830e+05   1.700363e+03
  1.380740e-01   1.459654e+05   1.674283e+03
  1.408330e-01   1.427156e+05   1.630165e+03
  1.435930e-01   1.423597e+05   1.651553e+03
  1.463530e-01   1.429579e+05   1.615975e+03
  1.491120e-01   1.416931e+05   1.637860e+03
  1.518720e-01   1.435343e+05   1.603712e+03
  1.546310e-01   1.426274e+05   1.590742e+03
  1.573910e-01   1.440624e+05   1.585085e+03
  1.601510e-01   1.391438e+05   1.535191e+03
  1.629100e-01   1.407150e+05   1.558073e+03
  1.656700e-01   1.415108e+05   1.521632e+03
  1.684300e-01   1.385583e+05   1.507977e+03
  1.711890e-01   1.393083e+05   1.502197e+03
  1.739490e-01   1.417991e+05   1.471056e+03
  1.767080e-01   1.397251e+05   1.488443e+03
  1.794680e-01   1.377456e+05   1.442940e+03
  1.822280e-01   1.370774e+05   1.461128e+03
  1.849870e-01   1.368679e+05   1.407708e+03
  1.877470e-01   1.362000e+05   1.414649e+03
  1.905070e-01   1.372491e+05   1.426475e+03
  1.932660e-01   1.377173e+05   1.393505e+03
  1.960260e-01   1.355557e+05   1.404775e+03
  1.987860e-01   1.355469e+05   1.356071e+03
  2.015450e-01   1.333848e+05   1.365640e+03
  2.043050e-01   1.316484e+05   1.335664e+03
  2.070640e-01   1.343539e+05   1.335285e+03
  2.098240e-01   1.323619e+05   1.340904e+03
  2.125840e-01   1.315531e+05   1.307915e+03
  2.153430e-01   1.285867e+05   1.312442e+03
  2.181030e-01   1.287864e+05   1.290977e+03
  2.208630e-01   1.301041e+05   1.270965e+03
  2.236220e-01   1.302163e+05   1.293382e+03
  2.263820e-01   1.275021e+05   1.256683e+03
  2.291410e-01   1.276401e+05   1.268265e+03
  2.319010e-01   1.265067e+05   1.230985e+03
  2.346610e-01   1.269216e+05   1.229814e+03
  2.374200e-01   1.252617e+05   1.237405e+03
  2.401800e-01   1.253373e+05   1.211756e+03
  2.429400e-01   1.230716e+05   1.203573e+03
  2.456990e-01   1.251874e+05   1.195054e+03
  2.484590e-01   1.228008e+05   1.185958e+03
  2.512190e-01   1.238682e+05   1.191575e+03
  2.539780e-01   1.234562e+05   1.164845e+03
  2.567380e-01   1.218623e+05   1.174339e+03
  2.594970e-01   1.199575e+05   1.142898e+03
  2.622570e-01   1.189185e+05   1.150951e+03
  2.650170e-01   1.197371e+05   1.136367e+03
  2.677760e-01   1.199482e+05   1.123454e+03
  2.705360e-01   1.187077e+05   1.131600e+03
  2.732960e-01   1.191089e+05   1.112470e+03
  2.760550e-01   1.170857e+05   1.115667e+03
  2.788150e-01   1.162077e+05   1.085252e+03
  2.815740e-01   1.158120e+05   1.095155e+03
  2.843340e-01   1.167295e+05   1.094187e+03
  2.870940e-01   1.161474e+05   1.080323e+03
  2.898530e-01   1.152915e+05   1.070695e+03
  2.926130e-01   1.133040e+05   1.045342e+03
  2.953730e-01   1.110258e+05   1.052192e+03
  2.981320e-01   1.124327e+05   1.049939e+03
  3.008920e-01   1.135305e+05   1.041775e+03
  3.036520e-01   1.115649e+05   1.028739e+03
  3.064110e-01   1.120187e+05   1.028602e+03
  3.091710e-01   1.108318e+05   1.031364e+03
  3.119300e-01   1.092575e+05   1.007733e+03
  3.146900e-01   1.087811e+05   1.004311e+03
  3.174500e-01   1.082852e+05   1.001119e+03
  3.202090e-01   1.083837e+05   9.873304e+02
  3.229690e-01   1.061573e+05   9.899083e+02
  3.257290e-01   1.044509e+05   9.564399e+02
  3.284880e-01   1.056379e+05   9.788784e+02
  3.312480e-01   1.050015e+05   9.696136e+02
  3.340070e-01   1.043626e+05   9.546259e+02
  3.367670e-01   1.036798e+05   9.468783e+02
  3.395270e-01   1.025405e+05   9.317324e+02
  3.422860e-01   1.014142e+05   9.407412e+02
  3.450460e-01   1.006380e+05   9.291552e+02
  3.478060e-01   1.001059e+05   9.160140e+02
  3.505650e-01   1.001078e+05   9.211665e+02
  3.533250e-01   1.002135e+05   9.086523e+02
  3.560850e-01   9.903858e+04   9.130173e+02
  3.588440e-01   1.001963e+05   9.007370e+02
  3.616040e-01   9.892170e+04   8.956477e+02
  3.643630e-01   9.859812e+04   8.992673e+02
  3.671230e-01   9.658733e+04   8.840472e+02
  3.698830e-01   9.723437e+04   8.907997e+02
  3.726420e-01   9.659249e+04   8.649695e+02
  3.754020e-01   9.458587e+04   8.709662e+02
  3.781620e-01   9.576694e+04   8.640463e+02
  3.809210e-01   9.465001e+04   8.585736e+02
  3.836810e-01   9.340948e+04   8.499591e+02
  3.864410e-01   9.139199e+04   8.321563e+02
  3.892000e-01   9.220347e+04   8.476587e+02
  3.919600e-01   9.055855e+04   8.255925e+02
  3.947190e-01   9.031400e+04   8.240472e+02
  3.974790e-01   9.035956e+04   8.232636e+02
  4.002390e-01   8.954170e+04   8.150650e+02
  4.029980e-01   9.040720e+04   8.263793e+02
  4.057580e-01   8.749590e+04   7.984581e+02
  4.085180e-01   8.785550e+04   8.025546e+02
  4.112770e-01   8.658939e+04   7.938259e+02
  4.140370e-01   8.662018e+04   7.909647e+02
  4.167960e-01   8.690733e+04   7.993334e+02
  4.195560e-01   8.553411e+04   7.726627e+02
  4.223160e-01   8.317439e+04   7.744579e+02
  4.250750e-01   8.402878e+04   7.675089e+02
  4.278350e-01   8.234703e+04   7.608140e+02
  4.305950e-01   8.194760e+04   7.626535e+02
  4.333540e-01   8.126725e+04   7.517419e+02
  4.361140e-01   8.129177e+04   7.611019e+02
  4.388740e-01   8.225254e+04   7.515916e+02
  4.416330e-01   8.099276e+04   7.413027e+02
  4.443930e-01   7.994671e+04   7.386181e+02
  4.471520e-01   7.924368e+04   7.292339e+02
  4.499120e-01   7.789808e+04   7.294193e+02
  4.526720e-01   7.712221e+04   7.128445e+02
  4.554310e-01   7.694117e+04   7.149194e+02
  4.581910e-01   7.653000e+04   7.115195e+02
  4.609510e-01   7.844020e+04   7.193706e+02
  4.637100e-01   7.636424e+04   7.102999e+02
  4.664700e-01   7.397115e+04   6.909239e+02
  4.692290e-01   7.368321e+04   7.162329e+02
  4.719890e-01   7.354195e+04   7.166540e+02
  4.747490e-01   7.414344e+04   7.340726e+02
  4.775080e-01   7.170938e+04   7.215186e+02
  4.802680e-01   7.067353e+04   7.225402e+02
  4.830280e-01   7.214015e+04   7.516094e+02
  4.857870e-01   7.077121e+04   7.466346e+02
  4.885470e-01   7.038793e+04   7.603245e+02
  4.913070e-01   7.120351e+04   7.708052e+02
  4.940660e-01   6.857663e+04   7.599779e+02
  4.968260e-01   7.011656e+04   7.811036e+02
  4.995850e-01   6.811048e+04   7.655381e+02
  5.023450e-01   6.824615e+04   7.782919e+02
  5.051050e-01   6.749966e+04   7.666105e+02
  5.078640e-01   6.652716e+04   7.664110e+02
  5.106240e-01   6.550018e+04   7.627075e+02
  5.133840e-01   6.500509e+04   7.412489e+02
  5.161430e-01   6.539165e+04   7.332027e+02
  5.189030e-01   6.457357e+04   7.013299e+02
  5.216620e-01   6.502010e+04   7.039385e+02
  5.244220e-01   6.221754e+04   6.820442e+02
  5.271820e-01   6.255386e+04   6.698472e+02
  5.299410e-01   6.260186e+04   6.736909e+02
  5.327010e-01   6.206336e+04   6.572779e+02
  5.354610e-01   6.098189e+04   6.560762e+02
  5.382200e-01   5.913671e+04   6.429070e+02
  5.409800e-01   5.995607e+04   6.371142e+02
  5.437400e-01   5.995431e+04   6.380192e+02
  5.464990e-01   5.855288e+04   6.260656e+02
  5.492590e-01   5.820961e+04   6.263249e+02
  5.520180e-01   5.822214e+04   6.193388e+02
  5.547780e-01   5.644995e+04   6.093050e+02
  5.575380e-01   5.698414e+04   6.102264e+02
  5.602970e-01   5.682447e+04   6.007755e+02
  5.630570e-01   5.633143e+04   6.037744e+02
  5.658170e-01   5.603380e+04   5.929229e+02
  5.685760e-01   5.590907e+04   5.971348e+02
  5.713360e-01   5.527523e+04   5.868980e+02
  5.740950e-01   5.345664e+04   5.796172e+02
  5.768550e-01   5.433930e+04   5.846815e+02
  5.796150e-01   5.422710e+04   5.749630e+02
  5.823740e-01   5.378844e+04   5.725366e+02
  5.851340e-01   5.265378e+04   5.630769e+02
  5.878940e-01   5.221956e+04   5.659514e+02
  5.906530e-01   5.179935e+04   5.616016e+02
  5.934130e-01   5.160500e+04   5.506061e+02
  5.961730e-01   5.038361e+04   5.524636e+02
  5.989320e-01   5.029917e+04   5.432161e+02
  6.016920e-01   4.926980e+04   5.420471e+02
  6.044510e-01   4.720617e+04   5.293184e+02
  6.072110e-01   4.791608e+04   5.242748e+02
  6.099710e-01   4.779060e+04   5.301511e+02
  6.127300e-01   4.730019e+04   5.214401e+02
  6.154900e-01   4.742022e+04   5.248052e+02
  6.182500e-01   4.709900e+04   5.176326e+02
  6.210090e-01   4.553771e+04   5.120653e+02
  6.237690e-01   4.619608e+04   5.143139e+02
  6.265280e-01   4.504142e+04   5.029837e+02
  6.292880e-01   4.500334e+04   5.039824e+02
  6.320480e-01   4.362206e+04   4.923042e+02
  6.348070e-01   4.304014e+04   4.952842e+02
  6.375670e-01   4.281271e+04   4.923701e+02
  6.403270e-01   4.404870e+04   4.915318e+02
  6.430860e-01   4.258016e+04   4.857030e+02
  6.458460e-01   4.233988e+04   4.812696e+02
  6.486060e-01   4.161250e+04   4.786973e+02
  6.513650e-01   4.123256e+04   4.734368e+02
  6.541250e-01   4.118451e+04   4.721308e+02
  6.568840e-01   4.093295e+04   4.725308e+02
  6.596440e-01   4.069309e+04   4.674657e+02
  6.624040e-01   3.973484e+04   4.649220e+02
  6.651630e-01   3.900785e+04   4.543143e+02
  6.679230e-01   3.851706e+04   4.559021e+02
  6.706830e-01   3.852332e+04   4.533219e+02
  6.734420e-01   3.874208e+04   4.525598e+02
  6.762020e-01   3.827095e+04   4.452355e+02
  6.789610e-01   3.850649e+04   4.468524e+02
  6.817210e-01   3.728128e+04   4.405284e+02
  6.844810e-01   3.674533e+04   4.374170e+02
  6.872400e-01   3.544447e+04   4.270141e+02
  6.900000e-01   3.574783e+04   4.308970e+02
  6.927600e-01   3.515813e+04   4.252740e+02
  6.955190e-01   3.575142e+04   4.280866e+02
  6.982790e-01   3.520015e+04   4.210033e+02
  7.010390e-01   3.473428e+04   4.176654e+02
  7.037980e-01   3.473719e+04   4.222882e+02
  7.065580e-01   3.383157e+04   4.152913e+02
  7.093170e-01   3.355856e+04   4.119553e+02
  7.120770e-01   3.262076e+04   4.059117e+02
  7.148370e-01   3.284864e+04   4.080878e+02
  7.175960e-01   3.288291e+04   4.068611e+02
  7.203560e-01   3.263799e+04   4.053873e+02
  7.231160e-01   3.199046e+04   3.999773e+02
  7.258750e-01   3.138985e+04   3.965279e+02
  7.286350e-01   3.198967e+04   3.998310e+02
  7.313940e-01   3.093219e+04   3.923290e+02
  7.341540e-01   3.076696e+04   3.892674e+02
  7.369140e-01   2.996116e+04   3.888229e+02
  7.396730e-01   3.007667e+04   3.850511e+02
  7.424330e-01   2.951346e+04   3.844975e+02
  7.451930e-01   2.927653e+04   3.762188e+02
  7.479520e-01   2.866985e+04   3.749936e+02
  7.507120e-01   2.881639e+04   3.776542e+02
  7.534720e-01   2.898277e+04   3.759027e+02
  7.562310e-01   2.829163e+04   3.745107e+02
  7.589910e-01   2.735141e+04   3.618081e+02
  7.617500e-01   2.786343e+04   3.684367e+02
  7.645100e-01   2.743520e+04   3.639044e+02
  7.672700e-01   2.662086e+04   3.599101e+02
  7.700290e-01   2.622186e+04   3.561141e+02
  7.727890e-01   2.628184e+04   3.549983e+02
  7.755490e-01   2.536917e+04   3.532576e+02
  7.783080e-01   2.555910e+04   3.494460e+02
  7.810680e-01   2.554860e+04   3.489314e+02
  7.838280e-01   2.545940e+04   3.482164e+02
  7.865870e-01   2.501109e+04   3.445537e+02
  7.893470e-01   2.460167e+04   3.471444e+02
  7.921060e-01   2.422586e+04   3.359445e+02
  7.948660e-01   2.419769e+04   3.395796e+02
  7.976260e-01   2.354859e+04   3.363039e+02
  8.003850e-01   2.446711e+04   3.382048e+02
  8.031450e-01   2.333106e+04   3.331946e+02
  8.059050e-01   2.297860e+04   3.263344e+02
  8.086640e-01   2.236834e+04   3.272897e+02
  8.114240e-01   2.303803e+04   3.274226e+02
  8.141830e-01   2.210153e+04   3.219088e+02
  8.169430e-01   2.222099e+04   3.231310e+02
  8.197030e-01   2.176115e+04   3.178047e+02
  8.224620e-01   2.147980e+04   3.198049e+02
  8.252220e-01   2.108271e+04   3.143982e+02
  8.279820e-01   2.119233e+04   3.130242e+02
  8.307410e-01   2.072723e+04   3.112616e+02
  8.335010e-01   2.019383e+04   3.057158e+02
  8.362610e-01   1.981853e+04   3.073395e+02
  8.390200e-01   1.988503e+04   3.017605e+02
  8.417800e-01   2.032910e+04   3.074612e+02
  8.445390e-01   1.934579e+04   3.007749e+02
  8.472990e-01   1.938964e+04   2.995513e+02
  8.500590e-01   1.934846e+04   2.984649e+02
  8.528180e-01   1.849761e+04   2.919275e+02
  8.555780e-01   1.818347e+04   2.920601e+02
  8.583380e-01   1.824550e+04   2.904117e+02
  8.610970e-01   1.859225e+04   2.945856e+02
  8.638570e-01   1.775300e+04   2.852513e+02
  8.666160e-01   1.756455e+04   2.847101e+02
  8.693760e-01   1.760121e+04   2.857231e+02
  8.721360e-01   1.725209e+04   2.828518e+02
  8.748950e-01   1.714550e+04   2.899282e+02
  8.776550e-01   1.655796e+04   2.857239e+02
  8.804150e-01   1.647288e+04   2.873429e+02
  8.831740e-01   1.650231e+04   2.896093e+02
  8.859340e-01   1.632392e+04   2.840270e+02
  8.886940e-01   1.599585e+04   2.868006e+02
  8.914530e-01   1.543601e+04   2.788578e+02
  8.942130e-01   1.597607e+04   2.787526e+02
  8.969720e-01   1.533324e+04   2.717778e+02
  8.997320e-01   1.574878e+04   2.709990e+02
  9.024920e-01   1.554716e+04   2.729462e+02
  9.052510e-01   1.493885e+04   2.653061e+02
  9.080110e-01   1.489313e+04   2.657980e+02
  9.107710e-01   1.506102e+04   2.662871e+02
  9.135300e-01   1.465590e+04   2.621963e+02
  9.162900e-01   1.439007e+04   2.612402e+02
  9.190490e-01   1.434720e+04   2.571406e+02
  9.218090e-01   1.368417e+04   2.548437e+02
  9.245690e-01   1.360431e+04   2.529058e+02
  9.273280e-01   1.354383e+04   2.531718e+02
  9.300880e-01   1.344140e+04   2.523445e+02
  9.328480e-01   1.350628e+04   2.490000e+02
  9.356070e-01   1.324684e+04   2.499722e+02
  9.383670e-01   1.313907e+04   2.470178e+02
  9.411270e-01   1.317607e+04   2.481355e+02
  9.438860e-01   1.300410e+04   2.455933e+02
  9.466460e-01   1.258011e+04   2.421960e+02
  9.494050e-01   1.238273e+04   2.429401e+02
  9.521650e-01   1.275927e+04   2.411337e+02
  9.549250e-01   1.213739e+04   2.401374e+02
  9.576840e-01   1.239372e+04   2.388829e+02
  9.604440e-01   1.200344e+04   2.368291e+02
  9.632040e-01   1.160808e+04   2.355201e+02
  9.659630e-01   1.168792e+04   2.319452e+02
  9.687230e-01   1.090010e+04   2.295294e+02
  9.714820e-01   1.121943e+04   2.279943e+02
  9.742420e-01   1.138754e+04   2.312911e+02
  9.770020e-01   1.145503e+04   2.323705e+02
  9.797610e-01   1.087003e+04   2.244821e+02
  9.825210e-01   1.076627e+04   2.270227e+02
  9.852810e-01   1.031177e+04   2.207427e+02
  9.880400e-01   1.056054e+04   2.236078e+02
  9.908000e-01   1.032522e+04   2.205490e+02
  9.935600e-01   1.041497e+04   2.195034e+02
  9.963190e-01   1.008442e+04   2.204853e+02
  9.990790e-01   1.007681e+04   2.158508e+02
  1.001840e+00   9.580084e+03   2.139738e+02
  1.004600e+00   9.815262e+03   2.136849e+02
  1.007360e+00   9.662350e+03   2.125338e+02
  1.010120e+00   9.593306e+03   2.135849e+02
  1.012880e+00   9.510129e+03   2.110885e+02
  1.015640e+00   9.403144e+03   2.106143e+02
  1.018400e+00   9.160128e+03   2.088103e+02
  1.021160e+00   9.077673e+03   2.083645e+02
  1.023920e+00   8.914962e+03   2.081516e+02
  1.026680e+00   9.053185e+03   2.068485e+02
  1.029430e+00   8.989511e+03   2.079005e+02
  1.032190e+00   8.822380e+03   2.042751e+02
  1.034950e+00   8.740159e+03   2.050142e+02
  1.037710e+00   8.786147e+03   2.035739e+02
  1.040470e+00   8.455048e+03   2.017946e+02
  1.043230e+00   8.430080e+03   2.023032e+02
  1.045990e+00   8.170581e+03   1.989481e+02
  1.048750e+00   7.790453e+03   1.966317e+02
  1.051510e+00   8.180463e+03   1.981853e+02
  1.054270e+00   7.953689e+03   2.020030e+02
  1.057030e+00   7.953068e+03   2.033320e+02
  1.059790e+00   7.730758e+03   2.019468e+02
  1.062550e+00   7.451257e+03   2.043212e+02
  1.065310e+00   7.636135e+03   2.027041e+02
  1.068070e+00   7.754592e+03   2.072750e+02
  1.070830e+00   7.367028e+03   2.041530e+02
  1.073590e+00   7.389099e+03   2.030031e+02
  1.076350e+00   7.243424e+03   2.061121e+02
  1.079110e+00   7.116422e+03   2.031304e+02
  1.081870e+00   7.278533e+03   2.074277e+02
  1.084630e+00   6.974411e+03   2.025003e+02
  1.087390e+00   6.935108e+03   2.029160e+02
  1.090150e+00   6.794266e+03   2.049985e+02
  1.092910e+00   6.552922e+03   2.008293e+02
  1.095670e+00   6.542590e+03   2.032628e+02
  1.098430e+00   6.789166e+03   2.040264e+02
  1.101190e+00   6.995325e+03   2.013972e+02
  1.103940e+00   6.648943e+03   1.981455e+02
  1.106700e+00   6.436650e+03   1.925443e+02
  1.109460e+00   6.109079e+03   1.904397e+02
  1.112220e+00   6.092087e+03   1.873485e+02
  1.114980e+00   6.263156e+03   1.902986e+02
  1.117740e+00   6.198487e+03   1.876290e+02
  1.120500e+00   6.043172e+03   1.853393e+02
  1.123260e+00   5.540572e+03   1.812708e+02
  1.126020e+00   6.142610e+03   1.850789e+02
  1.128780e+00   5.860668e+03   1.841015e+02
  1.131540e+00   5.992369e+03   1.820989e+02
  1.134300e+00   5.769543e+03   1.818294e+02
  1.137060e+00   5.593623e+03   1.795562e+02
  1.139820e+00   5.344898e+03   1.771804e+02
  1.142580e+00   5.347561e+03   1.770511e+02
  1.145340e+00   5.779828e+03   1.775469e+02
  1.148100e+00   5.424140e+03   1.769266e+02
  1.150860e+00   5.270271e+03   1.745018e+02
  1.153620e+00   5.428615e+03   1.758084e+02
  1.156380e+00   5.647954e+03   1.768822e+02
  1.159140e+00   5.544921e+03   1.750269e+02
  1.161900e+00   5.233098e+03   1.723764e+02
  1.164660e+00   5.156907e+03   1.709755e+02
  1.167420e+00   5.294074e+03   1.718705e+02
  1.170180e+00   5.315831e+03   1.716851e+02
  1.172940e+00   5.207329e+03   1.694608e+02
  1.175700e+00   4.903024e+03   1.685828e+02
  1.178450e+00   5.147090e+03   1.682809e+02
  1.181210e+00   4.748372e+03   1.669992e+02
  1.183970e+00   4.941202e+03   1.684186e+02
  1.186730e+00   4.869833e+03   1.657810e+02
  1.189490e+00   4.961351e+03   1.670554e+02
  1.192250e+00   4.893160e+03   1.654772e+02
  1.195010e+00   4.534841e+03   1.640082e+02
  1.197770e+00   4.869258e+03   1.650202e+02
  1.200530e+00   4.699015e+03   1.646198e+02
  1.203290e+00   4.756096e+03   1.642843e+02
  1.206050e+00   4.284903e+03   1.602191e+02
  1.208810e+00   4.345016e+03   1.611279e+02
  1.211570e+00   4.671365e+03   1.617201e+02
  1.214330e+00   4.614652e+03   1.623710e+02
  1.217090e+00   4.423838e+03   1.611744e+02
  1.219850e+00   4.349125e+03   1.591287e+02
  1.222610e+00   4.260811e+03   1.597262e+02
  1.225370e+00   4.184458e+03   1.570930e+02
  1.228130e+00   4.226723e+03   1.576304e+02
  1.230890e+00   4.293843e+03   1.584774e+02
  1.233650e+00   4.237349e+03   1.576635e+02
  1.236410e+00   4.021078e+03   1.557127e+02
  1.239170e+00   4.232884e+03   1.559231e+02
  1.241930e+00   3.881073e+03   1.544460e+02
  1.244690e+00   4.153112e+03   1.554333e+02
  1.247450e+00   3.947458e+03   1.540331e+02
  1.250210e+00   3.950041e+03   1.535662e+02
  1.252960e+00   4.032812e+03   1.540863e+02
  1.255720e+00   4.177463e+03   1.554044e+02
  1.258480e+00   4.092582e+03   1.531791e+02
  1.261240e+00   3.645556e+03   1.506302e+02
  1.264000e+00   3.927182e+03   1.534607e+02
  1.266760e+00   3.782862e+03   1.504651e+02
  1.269520e+00   3.855502e+03   1.525836e+02
  1.272280e+00   3.724791e+03   1.495654e+02
  1.275040e+00   3.912628e+03   1.518682e+02
  1.277800e+00   3.849030e+03   1.508592e+02
  1.280560e+00   3.658050e+03   1.490017e+02
  1.283320e+00   3.558184e+03   1.479009e+02
  1.286080e+00   3.776888e+03   1.491873e+02
  1.288840e+00   3.633760e+03   1.484855e+02
  1.291600e+00   3.709100e+03   1.481790e+02
  1.294360e+00   3.708553e+03   1.482925e+02
  1.297120e+00   3.478001e+03   1.461583e+02
  1.299880e+00   3.408495e+03   1.451383e+02
  1.302640e+00   3.589702e+03   1.485268e+02
  1.305400e+00   3.640213e+03   1.462893e+02
  1.308160e+00   3.778398e+03   1.477553e+02
  1.310920e+00   3.379814e+03   1.447281e+02
  1.313680e+00   3.431814e+03   1.449226e+02
  1.316440e+00   3.517544e+03   1.463126e+02
  1.319200e+00   3.548946e+03   1.448376e+02
  1.321960e+00   3.459439e+03   1.447169e+02
  1.324720e+00   3.288299e+03   1.423571e+02
  1.327470e+00   3.352437e+03   1.438858e+02
  1.330230e+00   3.183810e+03   1.416690e+02
  1.332990e+00   3.539472e+03   1.441522e+02
  1.335750e+00   3.331932e+03   1.431604e+02
  1.338510e+00   3.648098e+03   1.446438e+02
  1.341270e+00   3.175565e+03   1.411088e+02
  1.344030e+00   3.284335e+03   1.411587e+02
  1.346790e+00   3.020696e+03   1.396421e+02
  1.349550e+00   3.459958e+03   1.430403e+02
  1.352310e+00   3.354382e+03   1.415222e+02
  1.355070e+00   3.290989e+03   1.411793e+02
  1.357830e+00   3.172177e+03   1.396208e+02
  1.360590e+00   3.110830e+03   1.389538e+02
  1.363350e+00   2.893215e+03   1.378434e+02
  1.366110e+00   3.071798e+03   1.368826e+02
  1.368870e+00   2.917595e+03   1.381495e+02
  1.371630e+00   2.735744e+03   1.347766e+02
  1.374390e+00   3.081874e+03   1.382808e+02
  1.377150e+00   3.341400e+03   1.396337e+02
  1.379910e+00   3.092193e+03   1.368392e+02
  1.382670e+00   2.851677e+03   1.364221e+02
  1.385430e+00   2.861091e+03   1.348547e+02
  1.388190e+00   3.165812e+03   1.377004e+02
  1.390950e+00   2.619259e+03   1.327374e+02
  1.393710e+00   3.159722e+03   1.369943e+02
  1.396470e+00   2.947565e+03   1.353308e+02
  1.399230e+00   3.045469e+03   1.353564e+02
  1.401990e+00   2.876873e+03   1.345536e+02
  1.404740e+00   2.822329e+03   1.339487e+02
  1.407500e+00   3.024979e+03   1.353317e+02
  1.410260e+00   2.871449e+03   1.343902e+02
  1.413020e+00   2.989387e+03   1.343651e+02
  1.415780e+00   2.841456e+03   1.343714e+02
  1.418540e+00   2.803738e+03   1.328241e+02
  1.421300e+00   2.752959e+03   1.331787e+02
  1.424060e+00   2.791753e+03   1.318241e+02
  1.426820e+00   2.601123e+03   1.310540e+02
  1.429580e+00   2.782194e+03   1.331394e+02
  1.432340e+00   2.649196e+03   1.307653e+02
  1.435100e+00   2.760389e+03   1.330606e+02
  1.437860e+00   2.627048e+03   1.300603e+02
  1.440620e+00   2.334685e+03   1.288808e+02
  1.443380e+00   2.732752e+03   1.316547e+02
  1.446140e+00   2.607194e+03   1.294682e+02
  1.448900e+00   2.652577e+03   1.309227e+02
  1.451660e+00   2.576102e+03   1.286066e+02
  1.454420e+00   2.668193e+03   1.312274e+02
  1.457180e+00   2.693536e+03   1.295020e+02
  1.459940e+00   2.732966e+03   1.300206e+02
  1.462700e+00   2.935897e+03   1.324755e+02
  1.465460e+00   2.679455e+03   1.292439e+02
  1.468220e+00   2.458855e+03   1.283684e+02
  1.470980e+00   2.426628e+03   1.270108e+02
  1.473740e+00   2.570808e+03   1.282923e+02
  1.476500e+00   2.663476e+03   1.295276e+02
  1.479250e+00   2.549824e+03   1.274246e+02
  1.482010e+00   2.523385e+03   1.277551e+02
  1.484770e+00   2.505190e+03   1.274766e+02
  1.487530e+00   2.636378e+03   1.286844e+02
  1.490290e+00   2.473415e+03   1.273906e+02
  1.493050e+00   2.726761e+03   1.281070e+02
  1.495810e+00   2.746295e+03   1.290441e+02
  1.498570e+00   2.523961e+03   1.265310e+02
  1.501330e+00   2.595600e+03   1.267351e+02
  1.504090e+00   2.469015e+03   1.265901e+02
  1.506850e+00   2.379496e+03   1.243640e+02
  1.509610e+00   2.444037e+03   1.262833e+02
  1.512370e+00   2.425688e+03   1.245332e+02
  1.515130e+00   2.432504e+03   1.253286e+02
  1.517890e+00   2.454923e+03   1.254242e+02
  1.520650e+00   2.608701e+03   1.262938e+02
  1.523410e+00   2.544875e+03   1.261515e+02
  1.526170e+00   2.369272e+03   1.245949e+02
  1.528930e+00   2.340389e+03   1.235003e+02
  1.531690e+00   2.493748e+03   1.249733e+02
  1.534450e+00   2.228270e+03   1.232121e+02
  1.537210e+00   2.346040e+03   1.242693e+02
  1.539970e+00   2.367061e+03   1.237161e+02
  1.542730e+00   2.572250e+03   1.250891e+02
  1.545490e+00   2.230661e+03   1.222516e+02
  1.548250e+00   2.337636e+03   1.230163e+02
  1.551010e+00   2.321509e+03   1.226229e+02
  1.553760e+00   2.017613e+03   1.201464e+02
  1.556520e+00   2.165234e+03   1.216264e+02
  1.559280e+00   2.225822e+03   1.211876e+02
  1.562040e+00   2.234099e+03   1.218948e+02
  1.564800e+00   2.139834e+03   1.205135e+02
  1.567560e+00   1.999652e+03   1.198743e+02
  1.570320e+00   2.155022e+03   1.206250e+02
  1.573080e+00   2.073773e+03   1.202570e+02
  1.575840e+00   2.054142e+03   1.198579e+02
  1.578600e+00   2.198390e+03   1.207094e+02
  1.581360e+00   2.027319e+03   1.193097e+02
  1.584120e+00   2.320109e+03   1.215343e+02
  1.586880e+00   1.797218e+03   1.165387e+02
  1.589640e+00   2.053817e+03   1.188962e+02
  1.592400e+00   2.260800e+03   1.207473e+02
  1.595160e+00   2.389810e+03   1.212768e+02
  1.597920e+00   2.204781e+03   1.193907e+02
  1.600680e+00   2.115841e+03   1.190416e+02
  1.603440e+00   2.195374e+03   1.195474e+02
  1.606200e+00   2.263590e+03   1.202586e+02
  1.608960e+00   2.155997e+03   1.195101e+02
  1.611720e+00   1.986304e+03   1.170934e+02
  1.614480e+00   2.049570e+03   1.179007e+02
  1.617240e+00   2.203407e+03   1.185991e+02
  1.620000e+00   2.060883e+03   1.176300e+02
  1.622760e+00   1.921137e+03   1.161733e+02
  1.625520e+00   2.026466e+03   1.169292e+02
  1.628270e+00   2.011719e+03   1.173242e+02
  1.631030e+00   1.926491e+03   1.157997e+02
  1.633790e+00   2.075761e+03   1.176934e+02
  1.636550e+00   1.885676e+03   1.158094e+02
  1.639310e+00   1.795602e+03   1.169211e+02
  1.642070e+00   2.086692e+03   1.213875e+02
  1.644830e+00   1.910761e+03   1.184703e+02
  1.647590e+00   1.791527e+03   1.198101e+02
  1.650350e+00   1.948939e+03   1.213711e+02
  1.653110e+00   1.975949e+03   1.212543e+02
  1.655870e+00   1.925294e+03   1.222834e+02
  1.658630e+00   1.853632e+03   1.205775e+02
  1.661390e+00   2.223857e+03   1.254847e+02
  1.664150e+00   2.210006e+03   1.247620e+02
  1.666910e+00   1.751343e+03   1.214346e+02
  1.669670e+00   1.828525e+03   1.224395e+02
  1.672430e+00   1.733288e+03   1.213391e+02
  1.675190e+00   1.812677e+03   1.236182e+02
  1.677950e+00   1.950622e+03   1.246097e+02
  1.680710e+00   1.725183e+03   1.225571e+02
  1.683470e+00   1.947984e+03   1.254708e+02
  1.686230e+00   2.026335e+03   1.228771e+02
  1.688990e+00   1.934360e+03   1.226872e+02
  1.691750e+00   2.037612e+03   1.211449e+02
  1.694510e+00   1.842294e+03   1.200223e+02
  1.697270e+00   1.733646e+03   1.181323e+02
  1.700030e+00   1.648810e+03   1.168579e+02
  1.702780e+00   1.802685e+03   1.181884e+02
  1.705540e+00   1.821399e+03   1.178110e+02
  1.708300e+00   1.853158e+03   1.181973e+02
  1.711060e+00   2.003037e+03   1.185282e+02
  1.713820e+00   1.960140e+03   1.187226e+02
  1.716580e+00   1.761540e+03   1.157627e+02
  1.719340e+00   1.705914e+03   1.153528e+02
  1.722100e+00   1.788268e+03   1.165747e+02
  1.724860e+00   1.893281e+03   1.169883e+02
  1.727620e+00   1.611868e+03   1.142711e+02
  1.730380e+00   1.726080e+03   1.151303e+02
  1.733140e+00   1.658106e+03   1.138270e+02
  1.735900e+00   1.710316e+03   1.147625e+02
  1.738660e+00   1.565400e+03   1.129781e+02
  1.741420e+00   1.722471e+03   1.145873e+02
  1.744180e+00   1.794355e+03   1.147422e+02
  1.746940e+00   1.636798e+03   1.139584e+02
  1.749700e+00   1.454222e+03   1.119807e+02
  1.752460e+00   1.509331e+03   1.114298e+02
  1.755220e+00   1.645948e+03   1.138855e+02
  1.757980e+00   1.766077e+03   1.140400e+02
  1.760740e+00   1.480078e+03   1.121572e+02
  1.763500e+00   1.750725e+03   1.137528e+02
  1.766260e+00   1.581374e+03   1.121860e+02
  1.769020e+00   1.693552e+03   1.133592e+02
  1.771780e+00   1.655567e+03   1.122731e+02
  1.774540e+00   1.295784e+03   1.095182e+02
  1.777290e+00   1.855298e+03   1.142073e+02
  1.780050e+00   1.677427e+03   1.121078e+02
  1.782810e+00   1.345427e+03   1.104061e+02
  1.785570e+00   1.591572e+03   1.107444e+02
  1.788330e+00   1.516535e+03   1.107110e+02
  1.791090e+00   1.551272e+03   1.104934e+02
  1.793850e+00   1.608103e+03   1.112580e+02
  1.796610e+00   1.470770e+03   1.106598e+02
  1.799370e+00   1.580005e+03   1.101211e+02
  1.802130e+00   1.409009e+03   1.100457e+02
  1.804890e+00   1.374928e+03   1.085548e+02
  1.807650e+00   1.550374e+03   1.105503e+02
  1.810410e+00   1.400233e+03   1.089339e+02
  1.813170e+00   1.496805e+03   1.096268e+02
  1.815930e+00   1.328530e+03   1.082643e+02
  1.818690e+00   1.438702e+03   1.085417e+02
  1.821450e+00   1.443871e+03   1.095973e+02
  1.824210e+00   1.272660e+03   1.075544e+02
  1.826970e+00   1.418223e+03   1.089714e+02
  1.829730e+00   1.396836e+03   1.089344e+02
  1.832490e+00   1.514885e+03   1.088175e+02
  1.835250e+00   1.534199e+03   1.101512e+02
  1.838010e+00   1.477320e+03   1.081469e+02
  1.840770e+00   1.415621e+03   1.077944e+02
  1.843530e+00   1.349357e+03   1.076927e+02
  1.846290e+00   1.295093e+03   1.069426e+02
  1.849050e+00   1.299963e+03   1.069980e+02
  1.851810e+00   1.225572e+03   1.057610e+02
  1.854560e+00   1.365568e+03   1.078105e+02
  1.857320e+00   1.528802e+03   1.089337e+02
  1.860080e+00   1.355274e+03   1.075355e+02
  1.862840e+00   1.278849e+03   1.069410e+02
  1.865600e+00   1.242285e+03   1.065091e+02
  1.868360e+00   1.104237e+03   1.060327e+02
  1.871120e+00   1.290953e+03   1.067911e+02
  1.873880e+00   1.385893e+03   1.086229e+02
  1.876640e+00   1.311235e+03   1.079436e+02
  1.879400e+00   1.211800e+03   1.065531e+02
  1.882160e+00   1.252301e+03   1.073485e+02
  1.884920e+00   1.147476e+03   1.066193e+02
  1.887680e+00   1.273208e+03   1.073265e+02
  1.890440e+00   1.264480e+03   1.072171e+02
  1.893200e+00   1.334653e+03   1.082733e+02
  1.895960e+00   1.404736e+03   1.090560e+02
  1.898720e+00   1.284231e+03   1.073428e+02
  1.901480e+00   1.204386e+03   1.071744e+02
  1.904240e+00   1.244246e+03   1.067453e+02
  1.907000e+00   1.213363e+03   1.074151e+02
  1.909760e+00   1.275002e+03   1.075108e+02
  1.912520e+00   1.354716e+03   1.082291e+02
  1.915280e+00   1.018995e+03   1.058638e+02
  1.918040e+00   1.301603e+03   1.069164e+02
  1.920800e+00   9.520870e+02   1.048244e+02
  1.923560e+00   1.095935e+03   1.064694e+02
  1.926320e+00   1.227499e+03   1.063236e+02
  1.929070e+00   1.299630e+03   1.081141e+02
  1.931830e+00   1.239770e+03   1.072360e+02
  1.934590e+00   1.258332e+03   1.078274e+02
  1.937350e+00   1.378235e+03   1.075169e+02
  1.940110e+00   1.198615e+03   1.072118e+02
  1.942870e+00   1.104316e+03   1.072523e+02
  1.945630e+00   1.058289e+03   1.051707e+02
  1.948390e+00   1.141333e+03   1.075206e+02
  1.951150e+00   1.265582e+03   1.067760e+02
  1.953910e+00   1.202899e+03   1.070343e+02
  1.956670e+00   1.047031e+03   1.063985e+02
  1.959430e+00   1.111372e+03   1.060922e+02
  1.962190e+00   1.239187e+03   1.080129e+02
  1.964950e+00   1.249867e+03   1.072440e+02
  1.967710e+00   9.642220e+02   1.054017e+02
  1.970470e+00   1.124954e+03   1.064058e+02
  1.973230e+00   1.071796e+03   1.056361e+02
  1.975990e+00   1.091242e+03   1.059376e+02
  1.978750e+00   1.155114e+03   1.063799e+02
  1.981510e+00   1.127104e+03   1.068504e+02
  1.984270e+00   9.146120e+02   1.044428e+02
  1.987030e+00   1.144883e+03   1.061812e+02
  1.989790e+00   9.006260e+02   1.047589e+02
  1.992550e+00   1.290091e+03   1.068047e+02
  1.995310e+00   1.306110e+03   1.087233e+02
  1.998070e+00   1.058492e+03   1.047339e+02
  2.000830e+00   9.681270e+02   1.058236e+02
  2.003580e+00   9.868470e+02   1.049711e+02
  2.006340e+00   1.047370e+03   1.055851e+02
  2.009100e+00   8.087390e+02   1.034547e+02
  2.011860e+00   1.033496e+03   1.055855e+02
  2.014620e+00   9.438160e+02   1.051855e+02
  2.017380e+00   1.057975e+03   1.056605e+02
  2.020140e+00   1.051977e+03   1.053039e+02
  2.022900e+00   8.491180e+02   1.043855e+02
  2.025660e+00   8.976770e+02   1.042721e+02
  2.028420e+00   1.188819e+03   1.073753e+02
  2.031180e+00   9.708590e+02   1.044289e+02
  2.033940e+00   1.017613e+03   1.056517e+02
  2.036700e+00   9.125990e+02   1.047142e+02
  2.039460e+00   8.461560e+02   1.036076e+02
  2.042220e+00   1.039575e+03   1.056458e+02
  2.044980e+00   1.005625e+03   1.045989e+02
  2.047740e+00   9.610640e+02   1.049010e+02
  2.050500e+00   1.045908e+03   1.059239e+02
  2.053260e+00   9.831650e+02   1.052606e+02
  2.056020e+00   1.085850e+03   1.061059e+02
  2.058780e+00   1.173306e+03   1.065509e+02
  2.061540e+00   9.450060e+02   1.043973e+02
  2.064300e+00   9.889860e+02   1.049380e+02
  2.067060e+00   9.762210e+02   1.047144e+02
  2.069820e+00   1.008167e+03   1.054555e+02
  2.072580e+00   9.657950e+02   1.046977e+02
  2.075340e+00   8.649170e+02   1.045510e+02
  2.078090e+00   9.091700e+02   1.031208e+02
  2.080850e+00   1.051933e+03   1.052857e+02
  2.083610e+00   1.055720e+03   1.052276e+02
  2.086370e+00   1.043082e+03   1.054399e+02
  2.089130e+00   9.041540e+02   1.046304e+02
  2.091890e+00   8.488990e+02   1.033032e+02
  2.094650e+00   9.806090e+02   1.052962e+02
  2.097410e+00   9.663430e+02   1.041379e+02
  2.100170e+00   8.623100e+02   1.043510e+02
  2.102930e+00   7.972130e+02   1.030621e+02
  2.105690e+00   8.785050e+02   1.040339e+02
  2.108450e+00   1.245148e+03   1.073112e+02
  2.111210e+00   9.393390e+02   1.033459e+02
  2.113970e+00   1.063052e+03   1.057566e+02
  2.116730e+00   1.137638e+03   1.066559e+02
  2.119490e+00   8.631400e+02   1.033893e+02
  2.122250e+00   7.890960e+02   1.031735e+02
  2.125010e+00   7.999700e+02   1.021450e+02
  2.127770e+00   7.745320e+02   1.027759e+02
  2.130530e+00   8.730690e+02   1.032518e+02
  2.133290e+00   9.355150e+02   1.038255e+02
  2.136050e+00   9.182820e+02   1.040823e+02
  2.138810e+00   9.462400e+02   1.032956e+02
  2.141570e+00   8.521080e+02   1.035583e+02
  2.144330e+00   7.695810e+02   1.023417e+02
  2.147090e+00   9.260130e+02   1.035894e+02
  2.149850e+00   7.731280e+02   1.022056e+02
  2.152600e+00   8.276070e+02   1.025799e+02
  2.155360e+00   8.487410e+02   1.028617e+02
  2.158120e+00   9.692380e+02   1.031527e+02
  2.160880e+00   7.883140e+02   1.024040e+02
  2.163640e+00   6.391690e+02   1.008284e+02
  2.166400e+00   9.056380e+02   1.031812e+02
  2.169160e+00   9.411060e+02   1.032325e+02
  2.171920e+00   5.692040e+02   9.965387e+01
  2.174680e+00   7.858590e+02   1.023765e+02
  2.177440e+00   8.426300e+02   1.018729e+02
  2.180200e+00   6.862690e+02   1.015851e+02
  2.182960e+00   7.167190e+02   1.018147e+02
  2.185720e+00   7.680100e+02   1.014957e+02
  2.188480e+00   7.565240e+02   1.023705e+02
  2.191240e+00   9.492170e+02   1.025821e+02
  2.194000e+00   6.227250e+02   1.009151e+02
  2.196760e+00   7.467170e+02   1.014340e+02
  2.199520e+00   8.443620e+02   1.016200e+02
  2.202280e+00   8.351940e+02   1.027666e+02
  2.205040e+00   7.895760e+02   1.013819e+02
  2.207800e+00   6.149410e+02   1.010134e+02
  2.210560e+00   7.944460e+02   1.017429e+02
  2.213320e+00   9.205810e+02   1.026578e+02
  2.216080e+00   7.214810e+02   1.013620e+02
  2.218840e+00   8.254210e+02   1.018193e+02
  2.221600e+00   7.089010e+02   1.022993e+02
  2.224360e+00   7.010800e+02   1.029580e+02
  2.227120e+00   8.044090e+02   1.047726e+02
  2.229870e+00   7.508180e+02   1.055786e+02
  2.232630e+00   8.315720e+02   1.060894e+02
  2.235390e+00   8.121240e+02   1.084342e+02
  2.238150e+00   7.891000e+02   1.068454e+02
  2.240910e+00   8.303530e+02   1.088581e+02
  2.243670e+00   7.798000e+02   1.084888e+02
  2.246430e+00   7.855550e+02   1.094104e+02
  2.249190e+00   8.937780e+02   1.122124e+02
  2.251950e+00   7.912740e+02   1.104858e+02
  2.254710e+00   6.628540e+02   1.112568e+02
  2.257470e+00   7.321880e+02   1.116427e+02
  2.260230e+00   8.406680e+02   1.133536e+02
  2.262990e+00   7.315230e+02   1.131999e+02
  2.265750e+00   7.546360e+02   1.133581e+02
  2.268510e+00   6.759180e+02   1.141439e+02
  2.271270e+00   6.518660e+02   1.110111e+02
  2.274030e+00   7.818220e+02   1.125102e+02
  2.276790e+00   5.920940e+02   1.093390e+02
  2.279550e+00   4.379270e+02   1.080574e+02
  2.282310e+00   5.698450e+02   1.086715e+02
  2.285070e+00   9.975190e+02   1.116545e+02
  2.287830e+00   6.756010e+02   1.091377e+02
  2.290590e+00   7.793520e+02   1.088213e+02
  2.293350e+00   6.823440e+02   1.089405e+02
  2.296110e+00   6.618290e+02   1.082976e+02
  2.298870e+00   6.041660e+02   1.069474e+02
  2.301630e+00   5.331470e+02   1.073644e+02
  2.304380e+00   7.728220e+02   1.084723e+02
  2.307140e+00   3.900050e+02   1.060673e+02
  2.309900e+00   5.570700e+02   1.073624e+02
  2.312660e+00   7.458410e+02   1.089189e+02
  2.315420e+00   5.631270e+02   1.070524e+02
  2.318180e+00   7.762140e+02   1.090491e+02
  2.320940e+00   5.377660e+02   1.075323e+02
  2.323700e+00   7.983970e+02   1.093484e+02
  2.326460e+00   5.580390e+02   1.070964e+02
  2.329220e+00   8.429210e+02   1.103396e+02
  2.331980e+00   8.227110e+02   1.093985e+02
  2.334740e+00   7.468380e+02   1.094299e+02
  2.337500e+00   6.478660e+02   1.084926e+02
  2.340260e+00   7.414920e+02   1.089602e+02
  2.343020e+00   7.881200e+02   1.099620e+02
  2.345780e+00   7.789360e+02   1.090938e+02
  2.348540e+00   5.767610e+02   1.074279e+02
  2.351300e+00   8.107730e+02   1.095606e+02
  2.354060e+00   4.836810e+02   1.063798e+02
  2.356820e+00   6.045600e+02   1.085577e+02
  2.359580e+00   5.535920e+02   1.071318e+02
  2.362340e+00   7.880180e+02   1.094969e+02
  2.365100e+00   5.402130e+02   1.072904e+02
  2.367860e+00   6.867670e+02   1.086054e+02
  2.370620e+00   5.457730e+02   1.073543e+02
  2.373380e+00   7.240120e+02   1.091131e+02
  2.376140e+00   6.134430e+02   1.080819e+02
  2.378890e+00   7.547400e+02   1.094020e+02
  2.381650e+00   6.259220e+02   1.087170e+02
  2.384410e+00   6.186330e+02   1.074457e+02
  2.387170e+00   5.796880e+02   1.082289e+02
  2.389930e+00   6.171990e+02   1.085735e+02
  2.392690e+00   7.579360e+02   1.094149e+02
  2.395450e+00   4.890450e+02   1.072973e+02
  2.398210e+00   6.322230e+02   1.078457e+02
  2.400970e+00   5.723950e+02   1.088258e+02
  2.403730e+00   3.612450e+02   1.044988e+02
  2.406490e+00   4.510030e+02   1.070464e+02
  2.409250e+00   7.618750e+02   1.098151e+02
  2.412010e+00   7.845700e+02   1.095909e+02
  2.414770e+00   5.500540e+02   1.080601e+02
  2.417530e+00   5.368240e+02   1.062358e+02
  2.420290e+00   4.802210e+02   1.073096e+02
  2.423050e+00   5.954340e+02   1.086655e+02
  2.425810e+00   4.536000e+02   1.067678e+02
  2.428570e+00   6.222740e+02   1.081870e+02
  2.431330e+00   7.345840e+02   1.080739e+02
  2.434090e+00   7.962700e+02   1.110038e+02
  2.436850e+00   6.933410e+02   1.096820e+02
  2.439610e+00   4.866790e+02   1.078929e+02
  2.442370e+00   6.295420e+02   1.091318e+02
  2.445130e+00   4.629500e+02   1.068072e+02
  2.447890e+00   6.084340e+02   1.098636e+02
  2.450650e+00   4.469840e+02   1.070164e+02
  2.453400e+00   5.338060e+02   1.076874e+02
  2.456160e+00   6.123750e+02   1.092557e+02
  2.458920e+00   4.896860e+02   1.070668e+02
  2.461680e+00   5.818200e+02   1.093378e+02
  2.464440e+00   6.372300e+02   1.081915e+02
  2.467200e+00   4.062560e+02   1.071329e+02
  2.469960e+00   5.093440e+02   1.082788e+02
  2.472720e+00   4.863140e+02   1.075330e+02
  2.475480e+00   5.663260e+02   1.083767e+02
  2.478240e+00   6.736110e+02   1.085680e+02
  2.481000e+00   6.306620e+02   1.091423e+02
  2.483760e+00   3.375320e+02   1.043479e+02
  2.486520e+00   5.662490e+02   1.070433e+02
  2.489280e+00   4.795020e+02   1.065979e+02
  2.492040e+00   3.728480e+02   1.047291e+02
  2.494800e+00   7.496610e+02   1.096776e+02
  2.497560e+00   4.736740e+02   1.057818e+02
  2.500320e+00   4.321260e+02   1.063831e+02
  2.503080e+00   5.137000e+02   1.069582e+02
  2.505840e+00   7.222860e+02   1.083327e+02
  2.508600e+00   5.747950e+02   1.076906e+02
  2.511360e+00   6.993770e+02   1.086482e+02
  2.514120e+00   5.718040e+02   1.075555e+02
  2.516880e+00   4.876390e+02   1.063239e+02
  2.519640e+00   6.102970e+02   1.077975e+02
  2.522400e+00   2.935380e+02   1.058995e+02
  2.525160e+00   5.271380e+02   1.065309e+02
  2.527910e+00   4.218310e+02   1.070270e+02
  2.530670e+00   6.168550e+02   1.075201e+02
  2.533430e+00   4.868850e+02   1.070457e+02
  2.536190e+00   5.700830e+02   1.077375e+02
  2.538950e+00   4.914210e+02   1.064026e+02
  2.541710e+00   5.622620e+02   1.082684e+02
  2.544470e+00   5.964620e+02   1.073853e+02
  2.547230e+00   7.194270e+02   1.093664e+02
  2.549990e+00   6.462450e+02   1.086580e+02
  2.552750e+00   5.882180e+02   1.079507e+02
  2.555510e+00   4.259210e+02   1.070050e+02
  2.558270e+00   5.191040e+02   1.063229e+02
  2.561030e+00   6.570060e+02   1.091054e+02
  2.563790e+00   5.278870e+02   1.075628e+02
  2.566550e+00   3.189070e+02   1.056473e+02
  2.569310e+00   4.391270e+02   1.068280e+02
  2.572070e+00   4.146060e+02   1.065860e+02
  2.574830e+00   3.680640e+02   1.066336e+02
  2.577590e+00   5.577650e+02   1.075516e+02
  2.580350e+00   4.261550e+02   1.068216e+02
  2.583110e+00   6.395310e+02   1.082069e+02
  2.585870e+00   4.955710e+02   1.073112e+02
  2.588630e+00   6.698180e+02   1.098947e+02
  2.591390e+00   4.796700e+02   1.065548e+02
  2.594150e+00   6.257170e+02   1.085906e+02
  2.596910e+00   3.372610e+02   1.058439e+02
  2.599670e+00   5.308310e+02   1.074025e+02
  2.602420e+00   5.828090e+02   1.079146e+02
  2.605180e+00   5.210100e+02   1.071429e+02
  2.607940e+00   3.826170e+02   1.070265e+02
  2.610700e+00   3.701840e+02   1.061548e+02
  2.613460e+00   5.315640e+02   1.084828e+02
  2.616220e+00   4.275110e+02   1.063953e+02
  2.618980e+00   4.560300e+02   1.068368e+02
  2.621740e+00   5.712400e+02   1.081657e+02
  2.624500e+00   6.502210e+02   1.091524e+02
  2.627260e+00   6.044150e+02   1.086348e+02
  2.630020e+00   5.069430e+02   1.070226e+02
  2.632780e+00   2.622750e+02   1.058028e+02
  2.635540e+00   4.825200e+02   1.074896e+02
  2.638300e+00   4.127290e+02   1.068998e+02
  2.641060e+00   5.301130e+02   1.088595e+02
  2.643820e+00   4.854760e+02   1.072457e+02
  2.646580e+00   6.419720e+02   1.095047e+02
  2.649340e+00   4.387580e+02   1.067609e+02
  2.652100e+00   5.219840e+02   1.076379e+02
  2.654860e+00   5.339600e+02   1.088981e+02
  2.657620e+00   5.255090e+02   1.071597e+02
  2.660380e+00   3.604700e+02   1.069422e+02
  2.663140e+00   4.036060e+02   1.064173e+02
  2.665900e+00   5.592970e+02   1.087382e+02
  2.668660e+00   4.690060e+02   1.080104e+02
  2.671420e+00   5.187020e+02   1.077253e+02
  2.674180e+00   5.328550e+02   1.085423e+02
  2.676940e+00   3.995330e+02   1.065251e+02
  2.679690e+00   3.699000e+02   1.066847e+02
  2.682450e+00   5.903010e+02   1.088949e+02
  2.685210e+00   1.378300e+02   1.044082e+02
  2.687970e+00   5.141440e+02   1.081240e+02
  2.690730e+00   5.653390e+02   1.081997e+02
  2.693490e+00   2.620460e+02   1.061628e+02
  2.696250e+00   5.572280e+02   1.085776e+02
  2.699010e+00   5.471970e+02   1.080022e+02
  2.701770e+00   3.705850e+02   1.070553e+02
  2.704530e+00   5.565190e+02   1.084152e+02
  2.707290e+00   6.558560e+02   1.098269e+02
  2.710050e+00   4.334500e+02   1.070190e+02
  2.712810e+00   5.625530e+02   1.084494e+02
  2.715570e+00   6.665630e+02   1.093750e+02
  2.718330e+00   4.747520e+02   1.081982e+02
  2.721090e+00   3.812020e+02   1.065640e+02
  2.723850e+00   5.557740e+02   1.081722e+02
  2.726610e+00   6.779960e+02   1.106528e+02
  2.729370e+00   3.754210e+02   1.076198e+02
  2.732130e+00   3.197490e+02   1.065427e+02
  2.734890e+00   6.551050e+02   1.098275e+02
  2.737650e+00   4.355780e+02   1.071936e+02
  2.740410e+00   4.170410e+02   1.075365e+02
  2.743170e+00   6.186840e+02   1.093339e+02
  2.745930e+00   2.386940e+02   1.055747e+02
  2.748690e+00   5.893400e+02   1.095494e+02
  2.751450e+00   3.847080e+02   1.066068e+02
  2.754200e+00   3.618900e+02   1.076680e+02
  2.756960e+00   2.410470e+02   1.053067e+02
  2.759720e+00   4.698060e+02   1.086549e+02
  2.762480e+00   4.214780e+02   1.080636e+02
  2.765240e+00   5.581580e+02   1.088046e+02
  2.768000e+00   4.775960e+02   1.086924e+02
  2.770760e+00   4.797730e+02   1.083462e+02
  2.773520e+00   3.052530e+02   1.070591e+02
  2.776280e+00   5.689220e+02   1.085291e+02
  2.779040e+00   3.760020e+02   1.069225e+02
  2.781800e+00   4.717410e+02   1.073034e+02
  2.784560e+00   2.347040e+02   1.054682e+02
  2.787320e+00   3.879550e+02   1.074081e+02
  2.790080e+00   4.734650e+02   1.072835e+02
  2.792840e+00   4.627700e+02   1.074307e+02
  2.795600e+00   2.829480e+02   1.061209e+02
  2.798360e+00   5.373160e+02   1.084482e+02
  2.801120e+00   3.693850e+02   1.071569e+02
  2.803880e+00   4.849750e+02   1.069260e+02
  2.806640e+00   3.270290e+02   1.067846e+02
  2.809400e+00   4.175700e+02   1.097389e+02
  2.812160e+00   2.920720e+02   1.111985e+02
  2.814920e+00   4.916160e+02   1.145478e+02
  2.817680e+00   5.035450e+02   1.143571e+02
  2.820440e+00   3.617270e+02   1.150354e+02
  2.823200e+00   4.795210e+02   1.154414e+02
  2.825960e+00   4.865760e+02   1.170427e+02
  2.828710e+00   3.349900e+02   1.160078e+02
  2.831470e+00   3.604700e+02   1.171916e+02
  2.834230e+00   4.387510e+02   1.194152e+02
  2.836990e+00   5.708620e+02   1.200332e+02
  2.839750e+00   5.180170e+02   1.203610e+02
  2.842510e+00   4.752880e+02   1.203691e+02
  2.845270e+00   2.802640e+02   1.200265e+02
  2.848030e+00   5.783860e+02   1.237815e+02
  2.850790e+00   3.352060e+02   1.200995e+02
  2.853550e+00   5.582280e+02   1.239150e+02
  2.856310e+00   3.899340e+02   1.197786e+02
  2.859070e+00   4.142600e+02   1.185805e+02
  2.861830e+00   2.527540e+02   1.155353e+02
  2.864590e+00   5.965540e+02   1.173843e+02
  2.867350e+00   3.689210e+02   1.157254e+02
  2.870110e+00   4.569630e+02   1.151738e+02
  2.872870e+00   4.596960e+02   1.152086e+02
  2.875630e+00   5.071820e+02   1.153897e+02
  2.878390e+00   4.278360e+02   1.149236e+02
  2.881150e+00   4.653110e+02   1.159866e+02
  2.883910e+00   6.099590e+02   1.156783e+02
  2.886670e+00   5.008610e+02   1.140657e+02
  2.889430e+00   4.115780e+02   1.132874e+02
  2.892190e+00   4.361670e+02   1.131592e+02
  2.894950e+00   3.648020e+02   1.129675e+02
  2.897710e+00   5.799710e+02   1.140329e+02
  2.900470e+00   5.206410e+02   1.143174e+02
  2.903220e+00   6.821840e+02   1.154055e+02
  2.905980e+00   5.092570e+02   1.134142e+02
  2.908740e+00   2.654470e+02   1.108134e+02
  2.911500e+00   5.664660e+02   1.134113e+02
  2.914260e+00   3.856190e+02   1.120646e+02
  2.917020e+00   3.723240e+02   1.109100e+02
  2.919780e+00   3.897660e+02   1.113695e+02
  2.922540e+00   5.202250e+02   1.126780e+02
  2.925300e+00   5.172660e+02   1.125780e+02
  2.928060e+00   7.363740e+02   1.153424e+02
  2.930820e+00   5.512190e+02   1.120541e+02
  2.933580e+00   4.852160e+02   1.121683e+02
  2.936340e+00   4.527790e+02   1.109092e+02
  2.939100e+00   4.528070e+02   1.124755e+02
  2.941860e+00   4.131040e+02   1.106993e+02
  2.944620e+00   3.252640e+02   1.092622e+02
  2.947380e+00   4.637300e+02   1.117350e+02
  2.950140e+00   5.297760e+02   1.115353e+02
  2.952900e+00   4.686470e+02   1.121568e+02
  2.955660e+00   3.393780e+02   1.090804e+02
  2.958420e+00   5.662220e+02   1.124000e+02
  2.961180e+00   3.488310e+02   1.108393e+02
  2.963940e+00   3.634270e+02   1.098236e+02
  2.966700e+00   4.541310e+02   1.107551e+02
  2.969460e+00   4.430560e+02   1.104769e+02
  2.972220e+00   4.925050e+02   1.119015e+02
  2.974980e+00   4.406060e+02   1.112123e+02
  2.977730e+00   3.423580e+02   1.093000e+02
  2.980490e+00   6.481180e+02   1.128762e+02
  2.983250e+00   4.494380e+02   1.106059e+02
  2.986010e+00   4.081540e+02   1.110013e+02
  2.988770e+00   4.696750e+02   1.115181e+02
  2.991530e+00   3.327530e+02   1.094577e+02
  2.994290e+00   7.994210e+02   1.143027e+02
  2.997050e+00   4.325910e+02   1.104168e+02
  2.999810e+00   3.882890e+02   1.102128e+02
  3.002570e+00   2.320610e+02   1.082625e+02
  3.005330e+00   5.847670e+02   1.127311e+02
  3.008090e+00   4.529530e+02   1.116156e+02
  3.010850e+00   4.855370e+02   1.115213e+02
  3.013610e+00   3.147690e+02   1.098365e+02
  3.016370e+00   4.816090e+02   1.105471e+02
  3.019130e+00   4.252310e+02   1.108160e+02
  3.021890e+00   2.505460e+02   1.091950e+02
  3.024650e+00   5.278020e+02   1.111523e+02
  3.027410e+00   4.312860e+02   1.110467e+02
  3.030170e+00   4.516330e+02   1.109298e+02
  3.032930e+00   4.585780e+02   1.103781e+02
  3.035690e+00   5.667450e+02   1.117401e+02
  3.038450e+00   2.547190e+02   1.087807e+02
  3.041210e+00   5.034200e+02   1.116570e+02
  3.043970e+00   4.492270e+02   1.103367e+02
  3.046730e+00   3.449350e+02   1.101741e+02
  3.049490e+00   3.400160e+02   1.098315e+02
  3.052240e+00   5.369730e+02   1.117306e+02
  3.055000e+00   4.423250e+02   1.105545e+02
  3.057760e+00   5.825830e+02   1.114451e+02
  3.060520e+00   6.684100e+02   1.128095e+02
  3.063280e+00   4.837880e+02   1.104694e+02
  3.066040e+00   3.945630e+02   1.107945e+02
  3.068800e+00   5.027520e+02   1.114280e+02
  3.071560e+00   3.078700e+02   1.089850e+02
  3.074320e+00   4.696060e+02   1.104663e+02
  3.077080e+00   4.910710e+02   1.109021e+02
  3.079840e+00   4.954570e+02   1.120454e+02
  3.082600e+00   5.747300e+02   1.120281e+02
  3.085360e+00   4.872370e+02   1.111095e+02
  3.088120e+00   4.546210e+02   1.108046e+02
  3.090880e+00   4.761860e+02   1.106104e+02
  3.093640e+00   4.204820e+02   1.103276e+02
  3.096400e+00   4.074480e+02   1.088432e+02
  3.099160e+00   5.323620e+02   1.124596e+02
  3.101920e+00   3.358430e+02   1.096587e+02
  3.104680e+00   3.792470e+02   1.103632e+02
  3.107440e+00   4.490430e+02   1.112061e+02
  3.110200e+00   5.312750e+02   1.107776e+02
  3.112960e+00   4.860170e+02   1.123787e+02
  3.115720e+00   3.603250e+02   1.088497e+02
  3.118480e+00   4.058090e+02   1.099835e+02
  3.121240e+00   6.361920e+02   1.126570e+02
  3.124000e+00   6.343760e+02   1.118360e+02
  3.126760e+00   6.419650e+02   1.133810e+02
  3.129510e+00   1.724870e+02   1.075359e+02
  3.132270e+00   5.543750e+02   1.116361e+02
  3.135030e+00   3.784570e+02   1.101256e+02
  3.137790e+00   3.307840e+02   1.098483e+02
  3.140550e+00   6.681560e+02   1.125117e+02
  3.143310e+00   4.871830e+02   1.107185e+02
  3.146070e+00   4.257250e+02   1.098699e+02
  3.148830e+00   5.156340e+02   1.117802e+02
  3.151590e+00   5.100580e+02   1.109986e+02
  3.154350e+00   3.657670e+02   1.096725e+02
  3.157110e+00   5.091370e+02   1.111331e+02
  3.159870e+00   7.035200e+02   1.126621e+02
  3.162630e+00   5.148310e+02   1.104352e+02
  3.165390e+00   4.070550e+02   1.088577e+02
  3.168150e+00   4.972130e+02   1.107107e+02
  3.170910e+00   2.831810e+02   1.080168e+02
  3.173670e+00   4.493910e+02   1.105345e+02
  3.176430e+00   3.409630e+02   1.088146e+02
  3.179190e+00   5.980290e+02   1.104436e+02
  3.181950e+00   5.387220e+02   1.105909e+02
  3.184710e+00   6.316860e+02   1.110603e+02
  3.187470e+00   4.865610e+02   1.102122e+02
  3.190230e+00   4.513620e+02   1.102191e+02
  3.192990e+00   6.176390e+02   1.114606e+02
  3.195750e+00   5.125090e+02   1.102091e+02
  3.198510e+00   5.384610e+02   1.109292e+02
  3.201270e+00   5.250450e+02   1.099506e+02
  3.204020e+00   3.181690e+02   1.083506e+02
  3.206780e+00   3.783960e+02   1.087857e+02
  3.209540e+00   5.231280e+02   1.101888e+02
  3.212300e+00   3.483700e+02   1.080621e+02
  3.215060e+00   3.371240e+02   1.083357e+02
  3.217820e+00   5.827330e+02   1.109641e+02
  3.220580e+00   4.869010e+02   1.107309e+02
  3.223340e+00   2.554270e+02   1.081309e+02
  3.226100e+00   5.460800e+02   1.102523e+02
  3.228860e+00   3.068670e+02   1.086939e+02
  3.231620e+00   3.536100e+02   1.090407e+02
  3.234380e+00   6.533770e+02   1.112609e+02
  3.237140e+00   4.842630e+02   1.105298e+02
  3.239900e+00   5.057290e+02   1.106456e+02
  3.242660e+00   1.555080e+02   1.070728e+02
  3.245420e+00   5.983850e+02   1.115104e+02
  3.248180e+00   3.064580e+02   1.078825e+02
  3.250940e+00   4.783520e+02   1.101627e+02
  3.253700e+00   3.858750e+02   1.088976e+02
  3.256460e+00   5.111430e+02   1.101085e+02
  3.259220e+00   3.449300e+02   1.083788e+02
  3.261980e+00   4.354890e+02   1.093865e+02
  3.264740e+00   4.489840e+02   1.103488e+02
  3.267500e+00   3.695950e+02   1.092680e+02
  3.270260e+00   5.320610e+02   1.103202e+02
  3.273020e+00   2.973980e+02   1.079842e+02
  3.275780e+00   4.688330e+02   1.100774e+02
  3.278530e+00   5.183270e+02   1.106554e+02
  3.281290e+00   4.229180e+02   1.092825e+02
  3.284050e+00   6.139570e+02   1.111200e+02
  3.286810e+00   6.104080e+02   1.110736e+02
  3.289570e+00   3.501580e+02   1.092412e+02
  3.292330e+00   5.416730e+02   1.109175e+02
  3.295090e+00   3.815460e+02   1.088175e+02
  3.297850e+00   3.993780e+02   1.087177e+02
  3.300610e+00   3.311910e+02   1.091822e+02
  3.303370e+00   4.608780e+02   1.096547e+02
  3.306130e+00   4.551450e+02   1.100140e+02
  3.308890e+00   2.957640e+02   1.081041e+02
  3.311650e+00   4.638550e+02   1.100378e+02
  3.314410e+00   2.673950e+02   1.083124e+02
  3.317170e+00   3.739280e+02   1.080224e+02
  3.319930e+00   4.975190e+02   1.098826e+02
  3.322690e+00   2.718340e+02   1.085278e+02
  3.325450e+00   3.071490e+02   1.085744e+02
  3.328210e+00   3.039750e+02   1.081214e+02
  3.330970e+00   3.614810e+02   1.086199e+02
  3.333730e+00   4.150740e+02   1.100427e+02
  3.336490e+00   5.364330e+02   1.109912e+02
  3.339250e+00   3.567550e+02   1.091142e+02
  3.342010e+00   5.276430e+02   1.100758e+02
  3.344770e+00   1.181590e+02   1.067167e+02
  3.347530e+00   3.136920e+02   1.080897e+02
  3.350290e+00   3.480280e+02   1.081126e+02
  3.353040e+00   5.009140e+02   1.102124e+02
  3.355800e+00   4.921510e+02   1.102354e+02
  3.358560e+00   4.748350e+02   1.102597e+02
  3.361320e+00   4.730470e+02   1.102817e+02
  3.364080e+00   6.160710e+02   1.098304e+02
  3.366840e+00   5.057250e+02   1.096320e+02
  3.369600e+00   6.060690e+02   1.107543e+02
  3.372360e+00   3.296290e+02   1.083419e+02
  3.375120e+00   4.087820e+02   1.088873e+02
  3.377880e+00   2.959910e+02   1.078200e+02
  3.380640e+00   9.682000e+01   1.059530e+02
  3.383400e+00   3.066030e+02   1.079059e+02
  3.386160e+00   4.988980e+02   1.092709e+02
  3.388920e+00   4.167560e+02   1.085972e+02
  3.391680e+00   5.594970e+02   1.103946e+02
  3.394440e+00   2.127180e+02   1.100520e+02
  3.397200e+00   4.399530e+02   1.135599e+02
  3.399960e+00   4.558120e+02   1.149286e+02
  3.402720e+00   4.513790e+02   1.162357e+02
  3.405480e+00   4.364050e+02   1.172110e+02
  3.408240e+00   4.703630e+02   1.190813e+02
  3.411000e+00   4.900770e+02   1.197585e+02
  3.413760e+00   4.862470e+02   1.203825e+02
  3.416520e+00   3.077440e+02   1.200045e+02
  3.419280e+00   3.248410e+02   1.204498e+02
  3.422040e+00   4.602460e+02   1.224958e+02
  3.424800e+00   5.509590e+02   1.242543e+02
  3.427550e+00   4.840120e+02   1.245127e+02
  3.430310e+00   5.661010e+02   1.260091e+02
  3.433070e+00   3.620470e+02   1.245445e+02
  3.435830e+00   3.173010e+02   1.238874e+02
  3.438590e+00   3.835750e+02   1.262321e+02
  3.441350e+00   3.884330e+02   1.232125e+02
  3.444110e+00   3.330220e+02   1.201421e+02
  3.446870e+00   4.267760e+02   1.204849e+02
  3.449630e+00   3.211920e+02   1.182452e+02
  3.452390e+00   5.753920e+02   1.196223e+02
  3.455150e+00   3.844360e+02   1.171481e+02
  3.457910e+00   3.542530e+02   1.162147e+02
  3.460670e+00   4.915030e+02   1.176084e+02
  3.463430e+00   5.014620e+02   1.185337e+02
  3.466190e+00   3.256910e+02   1.161973e+02
  3.468950e+00   3.243730e+02   1.153901e+02
  3.471710e+00   5.130780e+02   1.169207e+02
  3.474470e+00   3.772960e+02   1.159473e+02
  3.477230e+00   4.291180e+02   1.168789e+02
  3.479990e+00   3.698150e+02   1.145844e+02
  3.482750e+00   3.260790e+02   1.144155e+02
  3.485510e+00   2.588210e+02   1.137669e+02
  3.488270e+00   4.213790e+02   1.150886e+02
  3.491030e+00   3.756130e+02   1.154931e+02
  3.493790e+00   3.721370e+02   1.144252e+02
  3.496550e+00   1.782290e+02   1.127017e+02
  3.499310e+00   2.091960e+02   1.132800e+02
  3.502060e+00   3.539830e+02   1.140527e+02
  3.504820e+00   3.151340e+02   1.133707e+02
  3.507580e+00   3.920250e+02   1.145717e+02
  3.510340e+00   4.194460e+02   1.147775e+02
  3.513100e+00   7.576560e+02   1.177251e+02
  3.515860e+00   2.902920e+02   1.118596e+02
  3.518620e+00   5.963280e+02   1.158386e+02
  3.521380e+00   3.146670e+02   1.134755e+02
  3.524140e+00   5.387280e+02   1.150085e+02
  3.526900e+00   5.010130e+02   1.152363e+02
  3.529660e+00   3.478250e+02   1.127711e+02
  3.532420e+00   3.199960e+02   1.135272e+02
  3.535180e+00   4.482200e+02   1.140022e+02
  3.537940e+00   4.841530e+02   1.141911e+02
  3.540700e+00   4.677900e+02   1.140582e+02
  3.543460e+00   4.117100e+02   1.136192e+02
  3.546220e+00   3.391780e+02   1.132819e+02
  3.548980e+00   3.867320e+02   1.134724e+02
  3.551740e+00   5.800290e+02   1.157316e+02
  3.554500e+00   4.122500e+02   1.136997e+02
  3.557260e+00   5.526950e+02   1.150442e+02
  3.560020e+00   4.539150e+02   1.150083e+02
  3.562780e+00   4.081050e+02   1.131375e+02
  3.565540e+00   5.251420e+02   1.139520e+02
  3.568300e+00   3.635840e+02   1.129764e+02
  3.571060e+00   1.899000e+00   1.101252e+02
  3.573820e+00   4.841320e+02   1.141208e+02
  3.576580e+00   3.012030e+02   1.123752e+02
  3.579330e+00   3.601190e+02   1.132647e+02
  3.582090e+00   4.333970e+02   1.138503e+02
  3.584850e+00   2.430740e+02   1.118170e+02
  3.587610e+00   4.453860e+02   1.131467e+02
  3.590370e+00   3.352620e+02   1.126639e+02
  3.593130e+00   2.027620e+02   1.112400e+02
  3.595890e+00   2.081290e+02   1.109006e+02
  3.598650e+00   4.561970e+02   1.129836e+02
  3.601410e+00   5.395880e+02   1.136584e+02
  3.604170e+00   1.591960e+02   1.112217e+02
  3.606930e+00   2.315880e+02   1.115367e+02
  3.609690e+00   3.907760e+02   1.122918e+02
  3.612450e+00   4.773400e+02   1.124747e+02
  3.615210e+00   4.413870e+02   1.131498e+02
  3.617970e+00   2.732740e+02   1.113485e+02
  3.620730e+00   2.278540e+02   1.099516e+02
  3.623490e+00   3.988230e+02   1.119582e+02
  3.626250e+00   2.782860e+02   1.105233e+02
  3.629010e+00   3.506620e+02   1.115896e+02
  3.631770e+00   3.726770e+02   1.117474e+02
  3.634530e+00   1.294820e+02   1.086439e+02
  3.637290e+00   6.183410e+02   1.135592e+02
  3.640050e+00   2.873470e+02   1.112594e+02
  3.642810e+00   5.405210e+02   1.131758e+02
  3.645570e+00   3.336560e+02   1.113649e+02
  3.648330e+00   3.178240e+02   1.110257e+02
  3.651090e+00   5.407500e+02   1.131830e+02
  3.653840e+00   3.161090e+02   1.111801e+02
  3.656600e+00   4.484490e+02   1.111603e+02
  3.659360e+00   5.493220e+02   1.127723e+02
  3.662120e+00   5.605650e+02   1.134279e+02
  3.664880e+00   3.583170e+02   1.114604e+02
  3.667640e+00   2.841900e+02   1.108498e+02
  3.670400e+00   3.946170e+02   1.116090e+02
  3.673160e+00   5.358280e+02   1.134046e+02
  3.675920e+00   3.540320e+02   1.112149e+02
  3.678680e+00   2.643280e+02   1.105093e+02
  3.681440e+00   4.249840e+02   1.116410e+02
  3.684200e+00   3.897680e+02   1.110906e+02
  3.686960e+00   2.762000e+02   1.109296e+02
  3.689720e+00   6.176610e+02   1.133507e+02
  3.692480e+00   3.152960e+02   1.103173e+02
  3.695240e+00  -6.257500e+01   1.069532e+02
  3.698000e+00   5.658180e+02   1.142787e+02
  3.700760e+00   5.082520e+02   1.134042e+02
  3.703520e+00   3.859010e+02   1.110074e+02
  3.706280e+00   3.648210e+02   1.115196e+02
  3.709040e+00   3.049260e+02   1.112855e+02
  3.711800e+00   5.700500e+02   1.135614e+02
  3.714560e+00   3.996530e+02   1.118513e+02
  3.717320e+00   3.227280e+02   1.110581e+02
  3.720080e+00   1.841370e+02   1.092307e+02
  3.722840e+00   2.921460e+02   1.106408e+02
  3.725600e+00   5.448140e+02   1.127415e+02
  3.728350e+00   3.276240e+02   1.106599e+02
  3.731110e+00   5.459540e+02   1.130200e+02
  3.733870e+00   4.502210e+02   1.128063e+02
  3.736630e+00   3.202280e+02   1.111215e+02
  3.739390e+00   3.984800e+02   1.105879e+02
  3.742150e+00   2.575100e+02   1.101592e+02
  3.744910e+00   3.978330e+02   1.118912e+02
  3.747670e+00   9.952000e+01   1.092865e+02
  3.750430e+00   3.751740e+02   1.106614e+02
  3.753190e+00   4.451240e+02   1.116092e+02
  3.755950e+00   3.456330e+02   1.108023e+02
  3.758710e+00   3.169980e+02   1.103187e+02
  3.761470e+00   2.304750e+02   1.094573e+02
  3.764230e+00   4.824910e+02   1.117617e+02
  3.766990e+00   3.677870e+02   1.115668e+02
  3.769750e+00   5.363320e+02   1.128050e+02
  3.772510e+00   4.365550e+02   1.119966e+02
  3.775270e+00   2.332690e+02   1.096052e+02
  3.778030e+00   3.280500e+02   1.111954e+02
  3.780790e+00   3.329650e+02   1.114473e+02
  3.783550e+00   4.410350e+02   1.114285e+02
  3.786310e+00   5.471880e+02   1.129671e+02
  3.789070e+00   4.893760e+02   1.119829e+02
  3.791830e+00   3.454820e+02   1.111684e+02
  3.794590e+00   3.530420e+02   1.104613e+02
  3.797350e+00   2.769330e+02   1.101466e+02
  3.800110e+00   6.443760e+02   1.139784e+02
  3.802860e+00   3.152830e+02   1.110966e+02
  3.805620e+00   2.305900e+02   1.099047e+02
  3.808380e+00   2.786070e+02   1.106415e+02
  3.811140e+00   4.729130e+02   1.120890e+02
  3.813900e+00   4.665810e+02   1.120965e+02
  3.816660e+00   3.219080e+02   1.105611e+02
  3.819420e+00   4.804120e+02   1.127254e+02
  3.822180e+00   4.509970e+02   1.123601e+02
  3.824940e+00   3.765310e+02   1.105533e+02
  3.827700e+00   2.619980e+02   1.106379e+02
  3.830460e+00   4.322450e+02   1.114370e+02
  3.833220e+00   4.158110e+02   1.116256e+02
  3.835980e+00   2.757730e+02   1.103706e+02
  3.838740e+00   4.915350e+02   1.134930e+02
  3.841500e+00   5.223460e+02   1.130867e+02
  3.844260e+00   4.485160e+02   1.117236e+02
  3.847020e+00   3.067420e+02   1.101996e+02
  3.849780e+00   2.704770e+02   1.104287e+02
  3.852540e+00   2.378210e+02   1.094004e+02
  3.855300e+00   3.439160e+02   1.108820e+02
  3.858060e+00   4.169090e+02   1.116984e+02
  3.860820e+00   4.221710e+02   1.114712e+02
  3.863580e+00   4.159680e+02   1.122100e+02
  3.866340e+00   3.637140e+02   1.107999e+02
  3.869100e+00   3.166400e+02   1.104089e+02
  3.871860e+00   2.662570e+02   1.092838e+02
  3.874620e+00   4.000310e+02   1.110412e+02
  3.877370e+00   4.482210e+02   1.108996e+02
  3.880130e+00   4.581270e+02   1.107923e+02
  3.882890e+00   3.473640e+02   1.102962e+02
  3.885650e+00   3.531550e+02   1.106208e+02
  3.888410e+00   4.141900e+02   1.109673e+02
  3.891170e+00   2.959960e+02   1.098380e+02
  3.893930e+00   4.261610e+02   1.111327e+02
  3.896690e+00   3.652830e+02   1.102576e+02
  3.899450e+00   4.736420e+02   1.108909e+02
  3.902210e+00   1.765050e+02   1.080220e+02
  3.904970e+00   2.924100e+02   1.090198e+02
  3.907730e+00   3.344370e+02   1.099078e+02
  3.910490e+00   4.395270e+02   1.108029e+02
  3.913250e+00   4.037360e+02   1.092870e+02
  3.916010e+00   4.199710e+02   1.102256e+02
  3.918770e+00   2.557800e+02   1.094140e+02
  3.921530e+00   4.116680e+02   1.103735e+02
  3.924290e+00   5.927770e+02   1.127810e+02
  3.927050e+00   5.367360e+02   1.114063e+02
  3.929810e+00   4.921100e+02   1.113814e+02
  3.932570e+00   4.314150e+02   1.110268e+02
  3.935330e+00   3.416500e+02   1.100819e+02
  3.938090e+00   2.286000e+02   1.087976e+02
  3.940850e+00   2.469170e+02   1.087874e+02
  3.943610e+00   3.598380e+02   1.099261e+02
  3.946370e+00   4.179340e+02   1.107708e+02
  3.949130e+00   2.449290e+02   1.091608e+02
  3.951880e+00   3.323700e+02   1.091334e+02
  3.954640e+00   1.817330e+02   1.082222e+02
  3.957400e+00   4.417560e+02   1.113009e+02
  3.960160e+00   4.841080e+02   1.111493e+02
  3.962920e+00   2.872820e+02   1.085647e+02
  3.965680e+00   4.757540e+02   1.103635e+02
  3.968440e+00   4.224170e+02   1.108918e+02
  3.971200e+00   5.099430e+02   1.115212e+02
  3.973960e+00   3.587110e+02   1.099746e+02
  3.976720e+00   3.704060e+02   1.106459e+02
  3.979480e+00   2.176220e+02   1.124716e+02
  3.982240e+00   3.608220e+02   1.159909e+02
  3.985000e+00   4.762080e+02   1.174811e+02
  3.987760e+00   4.021910e+02   1.189087e+02
  3.990520e+00   3.200010e+02   1.200952e+02
  3.993280e+00   3.968230e+02   1.204807e+02
  3.996040e+00   3.875910e+02   1.223596e+02
  3.998800e+00   2.737530e+02   1.221921e+02
  4.001560e+00   4.108370e+02   1.247872e+02
  4.004320e+00   4.438730e+02   1.270379e+02
  4.007080e+00   2.864260e+02   1.240563e+02
  4.009840e+00   2.140360e+02   1.251336e+02
  4.012600e+00   5.823530e+02   1.298236e+02
  4.015360e+00   5.517450e+02   1.308158e+02
  4.018120e+00   3.638330e+02   1.281898e+02
  4.020880e+00   2.186900e+02   1.273621e+02
  4.023640e+00   4.724990e+02   1.330857e+02
  4.026400e+00   4.608540e+02   1.278703e+02
  4.029150e+00   3.041240e+02   1.227560e+02
  4.031910e+00   1.365460e+02   1.197655e+02
  4.034670e+00   2.566110e+02   1.208682e+02
  4.037430e+00   4.044420e+02   1.220018e+02
  4.040190e+00   3.751940e+02   1.211125e+02
  4.042950e+00   4.665630e+02   1.200530e+02
  4.045710e+00   5.586730e+02   1.215203e+02
  4.048470e+00   1.178800e+02   1.172901e+02
  4.051230e+00  -4.506000e+01   1.144710e+02
  4.053990e+00   4.184690e+02   1.196126e+02
  4.056750e+00   1.968100e+01   1.156688e+02
  4.059510e+00   3.328050e+02   1.184253e+02
  4.062270e+00   3.418250e+02   1.174242e+02
  4.065030e+00   4.689040e+02   1.186992e+02
  4.067790e+00   4.793830e+02   1.186712e+02
  4.070550e+00   6.260710e+02   1.198504e+02
  4.073310e+00   3.014690e+02   1.166740e+02
  4.076070e+00   1.818740e+02   1.137796e+02
  4.078830e+00   3.863710e+02   1.158812e+02
  4.081590e+00   2.775140e+02   1.150523e+02
  4.084350e+00   4.451380e+02   1.168309e+02
  4.087110e+00   5.231140e+02   1.169602e+02
  4.089870e+00   4.876610e+02   1.163311e+02
  4.092630e+00   3.507460e+02   1.147357e+02
  4.095390e+00   5.530190e+02   1.166199e+02
  4.098150e+00   5.561330e+02   1.159422e+02
  4.100910e+00   4.720100e+02   1.153400e+02
  4.103660e+00   3.552440e+02   1.143806e+02
  4.106420e+00   4.490460e+02   1.153416e+02
  4.109180e+00   3.365560e+02   1.143689e+02
  4.111940e+00   4.731270e+02   1.140696e+02
  4.114700e+00   2.691630e+02   1.123261e+02
  4.117460e+00   4.163030e+02   1.154816e+02
  4.120220e+00   5.762700e+02   1.162953e+02
  4.122980e+00   3.397420e+02   1.138747e+02
  4.125740e+00   3.131350e+02   1.135047e+02
  4.128500e+00   4.101040e+02   1.151500e+02
  4.131260e+00   3.745490e+02   1.139713e+02
  4.134020e+00   2.076640e+02   1.125870e+02
  4.136780e+00   6.246250e+02   1.166093e+02
  4.139540e+00   3.263200e+02   1.135384e+02
  4.142300e+00   4.278280e+02   1.150873e+02
  4.145060e+00   4.536080e+02   1.157383e+02
  4.147820e+00   5.009140e+02   1.146472e+02
  4.150580e+00   5.483400e+02   1.152171e+02
  4.153340e+00   5.031400e+02   1.152232e+02
  4.156100e+00   3.420010e+02   1.138089e+02
  4.158860e+00   2.187030e+02   1.118311e+02
  4.161620e+00   2.906890e+02   1.126563e+02
  4.164380e+00   3.905190e+02   1.139086e+02
  4.167140e+00   4.361250e+02   1.144565e+02
  4.169900e+00   4.629400e+02   1.134333e+02
  4.172660e+00   2.666590e+02   1.122753e+02
  4.175420e+00   3.081820e+02   1.125379e+02
  4.178170e+00   3.111450e+02   1.130173e+02
  4.180930e+00   4.481820e+02   1.131861e+02
  4.183690e+00   2.264980e+02   1.116426e+02
  4.186450e+00   3.077380e+02   1.122178e+02
  4.189210e+00   3.831260e+02   1.134847e+02
  4.191970e+00   2.619440e+02   1.126217e+02
  4.194730e+00   3.561670e+02   1.126822e+02
  4.197490e+00   3.109350e+02   1.125052e+02
  4.200250e+00   2.956570e+02   1.124391e+02
  4.203010e+00   5.420280e+02   1.153991e+02
  4.205770e+00   2.875810e+02   1.123347e+02
  4.208530e+00   4.289070e+02   1.129311e+02
  4.211290e+00   2.789770e+02   1.119480e+02
  4.214050e+00   3.894630e+02   1.132136e+02
  4.216810e+00   3.377640e+02   1.116887e+02
  4.219570e+00   3.508520e+02   1.126559e+02
  4.222330e+00   4.909300e+02   1.146732e+02
  4.225090e+00   1.719210e+02   1.108432e+02
  4.227850e+00   2.160460e+02   1.110242e+02
  4.230610e+00   3.375310e+02   1.128276e+02
  4.233370e+00   2.668620e+02   1.123267e+02
  4.236130e+00   4.970920e+02   1.139953e+02
  4.238890e+00   1.328310e+02   1.102446e+02
  4.241650e+00   3.329380e+02   1.125780e+02
  4.244410e+00   6.765660e+02   1.158456e+02
  4.247170e+00   3.057060e+02   1.123709e+02
  4.249930e+00   4.021650e+02   1.128989e+02
  4.252680e+00   3.358520e+02   1.121060e+02
  4.255440e+00   5.598860e+02   1.145452e+02
  4.258200e+00   3.999190e+02   1.131696e+02
  4.260960e+00   3.573450e+02   1.124366e+02
  4.263720e+00   3.214750e+02   1.118334e+02
  4.266480e+00   3.739940e+02   1.124959e+02
  4.269240e+00   4.729470e+02   1.132096e+02
  4.272000e+00   3.509350e+02   1.122868e+02
  4.274760e+00   3.594760e+02   1.117784e+02
  4.277520e+00   3.706180e+02   1.130203e+02
  4.280280e+00   6.841520e+02   1.149078e+02
  4.283040e+00   4.314140e+02   1.133907e+02
  4.285800e+00   2.530510e+02   1.111839e+02
  4.288560e+00   4.203470e+02   1.122438e+02
  4.291320e+00   3.317120e+02   1.125893e+02
  4.294080e+00   4.662990e+02   1.131539e+02
  4.296840e+00   4.308170e+02   1.130792e+02
  4.299600e+00   3.997580e+02   1.122848e+02
  4.302360e+00   3.469640e+02   1.118105e+02
  4.305120e+00   5.247090e+02   1.138935e+02
  4.307880e+00   4.113390e+02   1.131408e+02
  4.310640e+00   4.729080e+02   1.129276e+02
  4.313400e+00   4.618590e+02   1.131401e+02
  4.316160e+00   3.290780e+02   1.112814e+02
  4.318920e+00   3.367860e+02   1.119547e+02
  4.321680e+00   2.091350e+02   1.102271e+02
  4.324440e+00   2.929120e+02   1.107159e+02
  4.327190e+00   1.121090e+02   1.097429e+02
  4.329950e+00   5.162450e+02   1.136703e+02
  4.332710e+00   2.598450e+02   1.102768e+02
  4.335470e+00   2.296680e+02   1.099550e+02
  4.338230e+00   2.906320e+02   1.107147e+02
  4.340990e+00   3.785650e+02   1.123063e+02
  4.343750e+00   4.166960e+02   1.130786e+02
  4.346510e+00   4.632150e+02   1.125232e+02
  4.349270e+00   3.198750e+02   1.111342e+02
  4.352030e+00   3.865800e+02   1.116984e+02
  4.354790e+00   4.949840e+02   1.132347e+02
  4.357550e+00   4.713860e+02   1.130153e+02
  4.360310e+00   5.481890e+02   1.144560e+02
  4.363070e+00   3.820260e+02   1.126278e+02
  4.365830e+00   4.829400e+02   1.129867e+02
  4.368590e+00   2.658120e+02   1.106860e+02
  4.371350e+00   3.489470e+02   1.117834e+02
  4.374110e+00   2.506240e+02   1.113148e+02
  4.376870e+00   4.477900e+01   1.084612e+02
  4.379630e+00   3.689400e+02   1.122818e+02
  4.382390e+00   2.547840e+02   1.103572e+02
  4.385150e+00   2.824380e+02   1.109810e+02
  4.387910e+00   3.222700e+02   1.107725e+02
  4.390670e+00   5.956440e+02   1.131300e+02
  4.393430e+00   3.902840e+02   1.115629e+02
  4.396190e+00   4.081280e+02   1.118456e+02
  4.398950e+00   2.441580e+02   1.101882e+02
  4.401700e+00   2.382450e+02   1.104263e+02
  4.404460e+00   2.947190e+02   1.087645e+02
  4.407220e+00   3.019120e+02   1.105575e+02
  4.409980e+00   3.470280e+02   1.107496e+02
  4.412740e+00   3.100750e+02   1.104739e+02
  4.415500e+00   4.083670e+02   1.106905e+02
  4.418260e+00   2.519450e+02   1.088978e+02
  4.421020e+00   4.691730e+02   1.110418e+02
  4.423780e+00   4.613370e+02   1.114041e+02
  4.426540e+00   2.732390e+02   1.093534e+02
  4.429300e+00   5.015420e+02   1.118660e+02
  4.432060e+00   2.346100e+02   1.095486e+02
  4.434820e+00   3.973050e+02   1.101504e+02
  4.437580e+00   3.553960e+02   1.094640e+02
  4.440340e+00   3.352910e+02   1.095297e+02
  4.443100e+00   4.836830e+02   1.114124e+02
  4.445860e+00   1.830860e+02   1.087723e+02
  4.448620e+00   5.089420e+02   1.121672e+02
  4.451380e+00   4.107060e+02   1.105166e+02
  4.454140e+00   3.921230e+02   1.103223e+02
  4.456900e+00   1.231940e+02   1.076107e+02
  4.459660e+00   3.342000e+02   1.093580e+02
  4.462420e+00   4.032330e+02   1.107864e+02
  4.465180e+00   4.846410e+02   1.115550e+02
  4.467940e+00   3.800420e+02   1.102611e+02
  4.470700e+00   4.072580e+02   1.101966e+02
  4.473460e+00   1.930620e+02   1.088407e+02
  4.476220e+00   4.661550e+02   1.110770e+02
  4.478970e+00   3.461500e+02   1.103664e+02
  4.481730e+00   4.760290e+02   1.109216e+02
  4.484490e+00   3.914900e+02   1.103307e+02
  4.487250e+00   4.490280e+02   1.111600e+02
  4.490010e+00   3.379950e+02   1.095021e+02
  4.492770e+00   3.377250e+02   1.098506e+02
  4.495530e+00   3.687390e+02   1.104222e+02
  4.498290e+00   3.963080e+02   1.101492e+02
  4.501050e+00   2.677240e+02   1.098532e+02
  4.503810e+00   3.403090e+02   1.094772e+02
  4.506570e+00   2.820990e+02   1.098658e+02
  4.509330e+00   4.489180e+02   1.110943e+02
  4.512090e+00   3.925160e+02   1.107141e+02
  4.514850e+00   4.287590e+02   1.113765e+02
  4.517610e+00   4.650230e+02   1.115677e+02
  4.520370e+00   3.841460e+02   1.098745e+02
  4.523130e+00   3.393490e+02   1.100917e+02
  4.525890e+00   5.745570e+02   1.118666e+02
  4.528650e+00   5.178620e+02   1.118648e+02
  4.531410e+00   5.057740e+02   1.113051e+02
  4.534170e+00   3.210720e+02   1.099118e+02
  4.536930e+00   5.265870e+02   1.118951e+02
  4.539690e+00   3.301220e+02   1.100526e+02
  4.542450e+00   5.233230e+02   1.123655e+02
  4.545210e+00   6.352840e+02   1.128103e+02
  4.547970e+00   5.928100e+02   1.123082e+02
  4.550730e+00   3.666600e+02   1.101031e+02
  4.553480e+00   4.163290e+02   1.111255e+02
  4.556240e+00   3.247420e+02   1.092402e+02
  4.559000e+00   5.801540e+02   1.124421e+02
  4.561760e+00   4.158610e+02   1.112883e+02
  4.564520e+00   4.388990e+02   1.159306e+02
  4.567280e+00   3.917070e+02   1.160631e+02
  4.570040e+00   3.493280e+02   1.174530e+02
  4.572800e+00   4.686750e+02   1.201076e+02
  4.575560e+00   4.600130e+02   1.215342e+02
  4.578320e+00   6.160740e+02   1.243008e+02
  4.581080e+00   4.980260e+02   1.241879e+02
  4.583840e+00   4.772980e+02   1.247466e+02
  4.586600e+00   3.900140e+02   1.261138e+02
  4.589360e+00   3.275270e+02   1.251439e+02
  4.592120e+00   3.433220e+02   1.245150e+02
  4.594880e+00   2.669200e+02   1.270502e+02
  4.597640e+00   3.344730e+02   1.268387e+02
  4.600400e+00   5.337250e+02   1.310654e+02
  4.603160e+00   3.934520e+02   1.297642e+02
  4.605920e+00   5.701130e+02   1.324496e+02
  4.608680e+00   4.788340e+02   1.326177e+02
  4.611440e+00   3.525700e+02   1.324630e+02
  4.614200e+00   3.749440e+02   1.327570e+02
  4.616960e+00   5.194980e+02   1.351141e+02
  4.619720e+00   4.044920e+02   1.349515e+02
  4.622480e+00   1.499350e+02   1.330972e+02
  4.625240e+00   2.383130e+02   1.339109e+02
  4.627990e+00   2.840810e+02   1.362387e+02
  4.630750e+00   4.508670e+02   1.400451e+02
  4.633510e+00   3.401140e+02   1.394345e+02
  4.636270e+00   1.769310e+02   1.379029e+02
  4.639030e+00   5.973150e+02   1.416466e+02
  4.641790e+00   3.609700e+02   1.409686e+02
  4.644550e+00   3.905770e+02   1.422223e+02
  4.647310e+00   3.423160e+02   1.428756e+02
  4.650070e+00   4.363770e+02   1.446319e+02
  4.652830e+00   5.668170e+02   1.484137e+02
  4.655590e+00   7.503780e+02   1.509490e+02
  4.658350e+00   5.847310e+02   1.496359e+02
  4.661110e+00   4.498770e+02   1.469119e+02
  4.663870e+00   3.573080e+02   1.484868e+02
  4.666630e+00   3.759620e+02   1.490833e+02
  4.669390e+00   2.623490e+02   1.500391e+02
  4.672150e+00   3.999090e+02   1.508231e+02
  4.674910e+00   3.542310e+02   1.516726e+02
  4.677670e+00   2.733890e+02   1.519059e+02
  4.680430e+00   5.581420e+02   1.567940e+02
  4.683190e+00   4.229190e+02   1.553761e+02
  4.685950e+00   7.431410e+02   1.605278e+02
  4.688710e+00   2.461290e+02   1.549895e+02
  4.691470e+00   2.816450e+02   1.555881e+02
  4.694230e+00   6.098310e+02   1.625153e+02
  4.696990e+00   3.438510e+02   1.584213e+02
  4.699750e+00   7.441900e+02   1.656445e+02
  4.702500e+00   3.144790e+02   1.617730e+02
  4.705260e+00   1.330770e+02   1.605329e+02
  4.708020e+00   2.657840e+02   1.611291e+02
  4.710780e+00   3.066340e+02   1.630723e+02
  4.713540e+00   3.468350e+02   1.651189e+02
  4.716300e+00   3.488020e+02   1.676177e+02
  4.719060e+00   4.322020e+02   1.672373e+02
  4.721820e+00   2.595630e+02   1.675591e+02
  4.724580e+00  -1.314660e+02   1.631135e+02
  4.727340e+00   4.992310e+02   1.717625e+02
  4.730100e+00   4.652850e+02   1.724466e+02
  4.732860e+00   4.050820e+02   1.742371e+02
  4.735620e+00   6.802020e+02   1.804316e+02
  4.738380e+00   3.025690e+02   1.743665e+02
  4.741140e+00   3.465040e+02   1.758139e+02
  4.743900e+00   2.260970e+02   1.746529e+02
  4.746660e+00   4.306200e+02   1.793612e+02
  4.749420e+00   4.543870e+02   1.819484e+02
  4.752180e+00   2.958470e+02   1.812440e+02
  4.754940e+00   5.759390e+02   1.847056e+02
  4.757700e+00   4.359870e+02   1.850126e+02
  4.760460e+00   1.691340e+02   1.819369e+02
  4.763220e+00   3.222150e+02   1.841906e+02
  4.765980e+00   1.466100e+02   1.830648e+02
  4.768740e+00   4.102760e+02   1.896697e+02
  4.771500e+00   7.327310e+02   1.971808e+02
  4.774260e+00   4.373420e+02   1.948066e+02
  4.777010e+00   1.998770e+02   1.885903e+02
  4.779770e+00   2.583330e+02   1.928332e+02
  4.782530e+00   6.571570e+02   1.978786e+02
  4.785290e+00   3.333810e+02   2.006302e+02
  4.788050e+00   6.863210e+02   2.055988e+02
  4.790810e+00   5.369980e+02   2.060673e+02
  4.793570e+00   5.592950e+02   2.037117e+02
  4.796330e+00   5.432630e+02   2.070002e+02
  4.799090e+00   6.287950e+02   2.125267e+02
  4.801850e+00   3.479340e+02   2.054429e+02
  4.804610e+00   6.117460e+02   2.137060e+02
  4.807370e+00   2.519050e+02   2.091186e+02
  4.810130e+00   4.342980e+02   2.148512e+02
  4.812890e+00   3.229130e+02   2.109400e+02
  4.815650e+00   4.217360e+02   2.175060e+02
  4.818410e+00   6.813720e+02   2.228953e+02
  4.821170e+00   5.087640e+02   2.222601e+02
  4.823930e+00  -7.062300e+01   2.113108e+02
  4.826690e+00   4.591230e+02   2.247986e+02
  4.829450e+00   1.095277e+03   2.413764e+02
  4.832210e+00   9.883300e+01   2.239450e+02
  4.834970e+00   1.032080e+02   2.243797e+02
  4.837730e+00   6.286900e+02   2.395364e+02
  4.840490e+00  -1.110000e+00   2.274554e+02
  4.843250e+00   2.951100e+02   2.375227e+02
  4.846010e+00   1.796280e+02   2.366721e+02
  4.848770e+00   3.525550e+02   2.371434e+02
  4.851520e+00   1.252500e+02   2.395178e+02
  4.854280e+00   5.567900e+02   2.510945e+02
  4.857040e+00   1.960380e+02   2.487673e+02
  4.859800e+00  -2.013340e+02   2.386613e+02
  4.862560e+00   1.963930e+02   2.504950e+02
  4.865320e+00   6.381030e+02   2.663111e+02
  4.868080e+00   1.189240e+02   2.560598e+02
  4.870840e+00   4.395170e+02   2.632141e+02
  4.873600e+00   1.479490e+02   2.598076e+02
  4.876360e+00   5.756960e+02   2.789680e+02
  4.879120e+00   3.881760e+02   2.745651e+02
  4.881880e+00   3.603820e+02   2.738261e+02
  4.884640e+00   5.304790e+02   2.798025e+02
  4.887400e+00   8.136450e+02   3.001697e+02
  4.890160e+00   4.992860e+02   2.935211e+02
  4.892920e+00   4.473310e+02   2.924210e+02
  4.895680e+00   1.493120e+02   2.884614e+02
  4.898440e+00   3.870570e+02   3.048967e+02
  4.901200e+00  -1.028550e+02   2.953654e+02
  4.903960e+00   2.744660e+02   3.164909e+02
  4.906720e+00   7.781940e+02   3.221440e+02
  4.909480e+00   4.774990e+02   3.285784e+02
  4.912240e+00   7.800420e+02   3.369835e+02
  4.915000e+00  -2.565200e+01   3.284280e+02
  4.917760e+00   5.705100e+02   3.327567e+02
  4.920520e+00   1.367220e+02   3.402786e+02
  4.923280e+00   6.699230e+02   3.542852e+02
  4.926040e+00   1.947030e+02   3.493661e+02
  4.928790e+00   8.217150e+02   3.604460e+02
  4.931550e+00   5.456660e+02   3.615602e+02
  4.934310e+00   4.725430e+02   3.639175e+02
  4.937070e+00   3.676890e+02   3.715244e+02
  4.939830e+00  -9.657500e+01   3.521339e+02
  4.942590e+00   3.289770e+02   3.708198e+02
  4.945350e+00  -2.440660e+02   3.623846e+02
  4.948110e+00   6.216850e+02   3.904118e+02
  4.950870e+00   5.292960e+02   4.019865e+02
  4.953630e+00  -3.685580e+02   3.503761e+02
  4.956390e+00   5.531650e+02   3.955202e+02
  4.959150e+00  -1.699590e+02   3.879480e+02
  4.961910e+00   2.936220e+02   4.152352e+02
  4.964670e+00   9.460890e+02   4.324966e+02
  4.967430e+00   3.339660e+02   4.125763e+02
  4.970190e+00   4.611830e+02   4.313546e+02
  4.972950e+00   3.747150e+02   4.400499e+02
  4.975710e+00   2.831810e+02   4.386747e+02
  4.978470e+00   1.364559e+03   4.741675e+02
  4.981230e+00   3.595430e+02   4.565039e+02
  4.983990e+00   8.255190e+02   4.752105e+02
  4.986750e+00   5.793520e+02   4.838988e+02
  4.989510e+00   3.335790e+02   4.697185e+02
  4.992270e+00  -1.190840e+02   4.575608e+02
  4.995030e+00  -2.361660e+02   4.716585e+02
  4.997790e+00   2.399200e+01   4.879794e+02
  5.000550e+00   5.779470e+02   5.011390e+02
  5.003300e+00   6.418220e+02   5.152775e+02
  5.006060e+00   9.633090e+02   5.423172e+02
  5.008820e+00   1.156674e+03   5.832772e+02
  5.011580e+00   3.939980e+02   5.203869e+02
  5.014340e+00   2.748580e+02   5.432211e+02
  5.017100e+00   2.038130e+02   5.594894e+02
  5.019860e+00   1.344907e+03   6.417846e+02
  5.022620e+00   1.375941e+03   6.383798e+02
  5.025380e+00   8.537210e+02   6.598538e+02
  5.028140e+00   1.741502e+03   7.156570e+02
  5.030900e+00   4.438240e+02   6.437400e+02
  5.033660e+00  -4.393180e+02   6.305402e+02
  5.036420e+00   9.900390e+02   6.988142e+02
  5.039180e+00  -2.146640e+02   6.897664e+02
  5.041940e+00   2.823860e+02   7.429286e+02
  5.044700e+00   6.921250e+02   7.977078e+02
  5.047460e+00   5.966010e+02   8.168416e+02
  5.050220e+00  -5.247450e+02   7.639782e+02
  5.052980e+00  -3.092840e+02   8.508301e+02
  5.055740e+00   1.220566e+03   1.095485e+03
  5.058500e+00   4.467130e+02   1.006316e+03
  5.061260e+00  -1.230331e+03   8.199754e+02
  5.064020e+00  -3.342470e+02   1.157269e+03
working-directory: /dataInt/p12/graewert/2017-09-15/BatchMode3
angular-axis-file: etc/radial-averaging/saxs-2/saxis_saxs2_20170822.dat
beamstop-mask-file: etc/radial-averaging/saxs-2/mask_saxs2_20170822.msk
detector-response-file: none
flatfield-file: none
beam-center-x: 667.1000
beam-center-y: 1652.2000
unit-time: 100.0000
channel-first: 7
channel-last: 1833
angular-unit: nanometer
PETRA Current: 100.79
Wavelength [nm]: 1.240
Bragg Angle [mrad]: 10.953
QBPM 1: 3.590e-7
Diode 2: 6.499e-8
Diode 1: 7.817e-11
SC Target Temperature: nan
SC Current Temperature: 21.2
SEU Target Temperature: nan
SEU Current Temperature: 20.4
Detector Position: 2
Run Number: 7
Partial Specific Volume [cm^3/g]: 0.732
Buffer: buffer
Exposure time [s]: 0.045
Concentration [mg/ml]: 12.30
Contrast [10^10cm^-2]: 2.953
Exposure Delay [s]: 0.000
Sample: BSA_pI
Code: BSA_pI_buffer
Exposure period [s]: 0.050
Transmitted Beam (mean): 0.334
parent: analysis/processed/averaged/BSA_pI_buffer_0007_sample.dat
parent: analysis/processed/averaged/BSA_pI_buffer_0007_buffer.dat
creator: datop
creator-version: v0.4 (r9729)
datop-operation: analysis/processed/averaged/BSA_pI_buffer_0007_sample.dat SUB analysis/processed/averaged/BSA_pI_buffer_0007_buffer.dat
