Sample description: 
Sample:   c= 24.5000 mg/ml  Code: BSA_pI_buffer
Parent(s): analysis/processed/averaged/BSA_pI_buffer_0004_sample.dat analysis/processed/averaged/BSA_pI_buffer_0004_buffer.dat
  2.492870e-02   2.524620e+05   1.911896e+04
  2.768840e-02   2.885350e+05   1.636805e+04
  3.044800e-02   3.094293e+05   1.275324e+04
  3.320760e-02   2.859412e+05   9.978001e+03
  3.596720e-02   2.919555e+05   7.942831e+03
  3.872690e-02   2.824194e+05   6.885455e+03
  4.148650e-02   2.930731e+05   6.096995e+03
  4.424610e-02   2.954420e+05   5.293657e+03
  4.700580e-02   2.918879e+05   4.655489e+03
  4.976540e-02   2.981018e+05   4.278597e+03
  5.252500e-02   2.979593e+05   4.023265e+03
  5.528470e-02   2.857144e+05   3.752618e+03
  5.804430e-02   2.934564e+05   3.518770e+03
  6.080390e-02   2.966172e+05   3.418977e+03
  6.356360e-02   2.873416e+05   3.155993e+03
  6.632320e-02   2.884890e+05   3.101298e+03
  6.908280e-02   2.870735e+05   2.978027e+03
  7.184250e-02   2.805944e+05   2.816137e+03
  7.460210e-02   2.848217e+05   2.839275e+03
  7.736170e-02   2.877039e+05   2.723535e+03
  8.012140e-02   2.888866e+05   2.736725e+03
  8.288100e-02   2.864405e+05   2.727243e+03
  8.564060e-02   2.862350e+05   2.736818e+03
  8.840030e-02   2.869840e+05   2.752189e+03
  9.115990e-02   2.847553e+05   2.630209e+03
  9.391950e-02   2.837502e+05   2.675954e+03
  9.667920e-02   2.814311e+05   2.643706e+03
  9.943880e-02   2.848452e+05   2.599576e+03
  1.021980e-01   2.864534e+05   2.602916e+03
  1.049580e-01   2.772863e+05   2.491743e+03
  1.077180e-01   2.793815e+05   2.547494e+03
  1.104770e-01   2.773752e+05   2.494450e+03
  1.132370e-01   2.824832e+05   2.436664e+03
  1.159970e-01   2.770001e+05   2.457079e+03
  1.187560e-01   2.763505e+05   2.358063e+03
  1.215160e-01   2.746452e+05   2.390747e+03
  1.242750e-01   2.773901e+05   2.401307e+03
  1.270350e-01   2.745785e+05   2.292414e+03
  1.297950e-01   2.746068e+05   2.358252e+03
  1.325540e-01   2.746432e+05   2.253432e+03
  1.353140e-01   2.748873e+05   2.291249e+03
  1.380740e-01   2.698930e+05   2.226611e+03
  1.408330e-01   2.731784e+05   2.203467e+03
  1.435930e-01   2.709643e+05   2.228643e+03
  1.463530e-01   2.712754e+05   2.178121e+03
  1.491120e-01   2.709206e+05   2.216530e+03
  1.518720e-01   2.688547e+05   2.150882e+03
  1.546310e-01   2.710053e+05   2.147347e+03
  1.573910e-01   2.693954e+05   2.124320e+03
  1.601510e-01   2.644760e+05   2.074778e+03
  1.629100e-01   2.646879e+05   2.094965e+03
  1.656700e-01   2.656254e+05   2.044487e+03
  1.684300e-01   2.601169e+05   2.028270e+03
  1.711890e-01   2.641310e+05   2.028793e+03
  1.739490e-01   2.683611e+05   1.986436e+03
  1.767080e-01   2.576289e+05   1.984834e+03
  1.794680e-01   2.596480e+05   1.945351e+03
  1.822280e-01   2.582075e+05   1.969378e+03
  1.849870e-01   2.557601e+05   1.890616e+03
  1.877470e-01   2.584070e+05   1.915609e+03
  1.905070e-01   2.533500e+05   1.904988e+03
  1.932660e-01   2.530233e+05   1.857106e+03
  1.960260e-01   2.527327e+05   1.886182e+03
  1.987860e-01   2.518418e+05   1.816412e+03
  2.015450e-01   2.501185e+05   1.838610e+03
  2.043050e-01   2.492841e+05   1.807274e+03
  2.070640e-01   2.503675e+05   1.793127e+03
  2.098240e-01   2.490540e+05   1.809327e+03
  2.125840e-01   2.459459e+05   1.757652e+03
  2.153430e-01   2.466968e+05   1.787278e+03
  2.181030e-01   2.438475e+05   1.746823e+03
  2.208630e-01   2.446379e+05   1.715068e+03
  2.236220e-01   2.443940e+05   1.742053e+03
  2.263820e-01   2.400857e+05   1.696058e+03
  2.291410e-01   2.405279e+05   1.713018e+03
  2.319010e-01   2.392028e+05   1.664065e+03
  2.346610e-01   2.402732e+05   1.664691e+03
  2.374200e-01   2.389803e+05   1.679960e+03
  2.401800e-01   2.374180e+05   1.640495e+03
  2.429400e-01   2.350994e+05   1.635532e+03
  2.456990e-01   2.335567e+05   1.606041e+03
  2.484590e-01   2.362119e+05   1.617997e+03
  2.512190e-01   2.332860e+05   1.607712e+03
  2.539780e-01   2.273953e+05   1.554743e+03
  2.567380e-01   2.279512e+05   1.579205e+03
  2.594970e-01   2.287171e+05   1.552206e+03
  2.622570e-01   2.296135e+05   1.571705e+03
  2.650170e-01   2.244266e+05   1.530306e+03
  2.677760e-01   2.256695e+05   1.516065e+03
  2.705360e-01   2.244968e+05   1.530943e+03
  2.732960e-01   2.241494e+05   1.502218e+03
  2.760550e-01   2.225695e+05   1.512616e+03
  2.788150e-01   2.215146e+05   1.474036e+03
  2.815740e-01   2.216536e+05   1.489162e+03
  2.843340e-01   2.202911e+05   1.478406e+03
  2.870940e-01   2.191097e+05   1.459836e+03
  2.898530e-01   2.158339e+05   1.440739e+03
  2.926130e-01   2.164492e+05   1.420743e+03
  2.953730e-01   2.162028e+05   1.443793e+03
  2.981320e-01   2.116491e+05   1.416904e+03
  3.008920e-01   2.100562e+05   1.394872e+03
  3.036520e-01   2.118102e+05   1.394481e+03
  3.064110e-01   2.092267e+05   1.382104e+03
  3.091710e-01   2.114118e+05   1.400515e+03
  3.119300e-01   2.080481e+05   1.367249e+03
  3.146900e-01   2.062106e+05   1.359667e+03
  3.174500e-01   2.039161e+05   1.350517e+03
  3.202090e-01   2.039978e+05   1.331535e+03
  3.229690e-01   2.018973e+05   1.342206e+03
  3.257290e-01   2.026090e+05   1.308544e+03
  3.284880e-01   1.994654e+05   1.322297e+03
  3.312480e-01   1.997728e+05   1.314956e+03
  3.340070e-01   1.978880e+05   1.292060e+03
  3.367670e-01   1.952424e+05   1.277429e+03
  3.395270e-01   1.971798e+05   1.269777e+03
  3.422860e-01   1.960196e+05   1.284564e+03
  3.450460e-01   1.938430e+05   1.266460e+03
  3.478060e-01   1.934322e+05   1.250378e+03
  3.505650e-01   1.926977e+05   1.255537e+03
  3.533250e-01   1.888340e+05   1.225801e+03
  3.560850e-01   1.892415e+05   1.239878e+03
  3.588440e-01   1.876247e+05   1.211824e+03
  3.616040e-01   1.857048e+05   1.205930e+03
  3.643630e-01   1.856971e+05   1.212817e+03
  3.671230e-01   1.848434e+05   1.199763e+03
  3.698830e-01   1.824002e+05   1.198162e+03
  3.726420e-01   1.820967e+05   1.166576e+03
  3.754020e-01   1.813601e+05   1.184003e+03
  3.781620e-01   1.820164e+05   1.170306e+03
  3.809210e-01   1.792912e+05   1.160140e+03
  3.836810e-01   1.773712e+05   1.150699e+03
  3.864410e-01   1.780688e+05   1.140177e+03
  3.892000e-01   1.732573e+05   1.141328e+03
  3.919600e-01   1.757435e+05   1.128219e+03
  3.947190e-01   1.726218e+05   1.118393e+03
  3.974790e-01   1.739886e+05   1.121377e+03
  4.002390e-01   1.696496e+05   1.100867e+03
  4.029980e-01   1.702288e+05   1.113284e+03
  4.057580e-01   1.692199e+05   1.088105e+03
  4.085180e-01   1.689982e+05   1.092120e+03
  4.112770e-01   1.668796e+05   1.080504e+03
  4.140370e-01   1.674592e+05   1.078468e+03
  4.167960e-01   1.633997e+05   1.075446e+03
  4.195560e-01   1.643768e+05   1.050495e+03
  4.223160e-01   1.628551e+05   1.062658e+03
  4.250750e-01   1.627705e+05   1.046175e+03
  4.278350e-01   1.585608e+05   1.034378e+03
  4.305950e-01   1.600670e+05   1.044422e+03
  4.333540e-01   1.570152e+05   1.023582e+03
  4.361140e-01   1.561231e+05   1.034032e+03
  4.388740e-01   1.568703e+05   1.017136e+03
  4.416330e-01   1.548795e+05   1.005150e+03
  4.443930e-01   1.529829e+05   1.000743e+03
  4.471520e-01   1.526151e+05   9.913074e+02
  4.499120e-01   1.520030e+05   9.977182e+02
  4.526720e-01   1.505958e+05   9.748687e+02
  4.554310e-01   1.484194e+05   9.726487e+02
  4.581910e-01   1.479890e+05   9.682014e+02
  4.609510e-01   1.465549e+05   9.641920e+02
  4.637100e-01   1.454181e+05   9.594419e+02
  4.664700e-01   1.436217e+05   9.417741e+02
  4.692290e-01   1.414403e+05   9.711508e+02
  4.719890e-01   1.426625e+05   9.762164e+02
  4.747490e-01   1.399933e+05   9.877349e+02
  4.775080e-01   1.406839e+05   9.880180e+02
  4.802680e-01   1.388066e+05   9.896153e+02
  4.830280e-01   1.378726e+05   1.016050e+03
  4.857870e-01   1.357380e+05   1.010633e+03
  4.885470e-01   1.338747e+05   1.025259e+03
  4.913070e-01   1.333675e+05   1.031574e+03
  4.940660e-01   1.326674e+05   1.033057e+03
  4.968260e-01   1.311297e+05   1.045470e+03
  4.995850e-01   1.303581e+05   1.035282e+03
  5.023450e-01   1.308103e+05   1.053390e+03
  5.051050e-01   1.294983e+05   1.038107e+03
  5.078640e-01   1.295586e+05   1.044566e+03
  5.106240e-01   1.289902e+05   1.045071e+03
  5.133840e-01   1.252870e+05   1.004771e+03
  5.161430e-01   1.239344e+05   9.859195e+02
  5.189030e-01   1.226252e+05   9.440091e+02
  5.216620e-01   1.234501e+05   9.472458e+02
  5.244220e-01   1.216359e+05   9.309160e+02
  5.271820e-01   1.196230e+05   9.039408e+02
  5.299410e-01   1.208586e+05   9.129035e+02
  5.327010e-01   1.199758e+05   8.912798e+02
  5.354610e-01   1.178959e+05   8.892010e+02
  5.382200e-01   1.171152e+05   8.809802e+02
  5.409800e-01   1.161684e+05   8.643102e+02
  5.437400e-01   1.149168e+05   8.614897e+02
  5.464990e-01   1.137929e+05   8.502063e+02
  5.492590e-01   1.135470e+05   8.518710e+02
  5.520180e-01   1.114863e+05   8.355375e+02
  5.547780e-01   1.111876e+05   8.328886e+02
  5.575380e-01   1.117646e+05   8.313461e+02
  5.602970e-01   1.091523e+05   8.109510e+02
  5.630570e-01   1.081911e+05   8.145375e+02
  5.658170e-01   1.083129e+05   8.030313e+02
  5.685760e-01   1.065325e+05   8.026102e+02
  5.713360e-01   1.069976e+05   7.945633e+02
  5.740950e-01   1.055823e+05   7.918503e+02
  5.768550e-01   1.043661e+05   7.889962e+02
  5.796150e-01   1.037995e+05   7.741495e+02
  5.823740e-01   1.029873e+05   7.705086e+02
  5.851340e-01   1.013698e+05   7.601046e+02
  5.878940e-01   1.009783e+05   7.650909e+02
  5.906530e-01   1.002883e+05   7.601707e+02
  5.934130e-01   9.803617e+04   7.379850e+02
  5.961730e-01   9.793323e+04   7.479916e+02
  5.989320e-01   9.774808e+04   7.362362e+02
  6.016920e-01   9.588406e+04   7.344814e+02
  6.044510e-01   9.452215e+04   7.251624e+02
  6.072110e-01   9.491447e+04   7.146497e+02
  6.099710e-01   9.335238e+04   7.187049e+02
  6.127300e-01   9.340383e+04   7.098319e+02
  6.154900e-01   9.201222e+04   7.085254e+02
  6.182500e-01   9.085035e+04   6.980450e+02
  6.210090e-01   8.951865e+04   6.955694e+02
  6.237690e-01   8.972082e+04   6.949063e+02
  6.265280e-01   8.864933e+04   6.830481e+02
  6.292880e-01   8.933612e+04   6.870406e+02
  6.320480e-01   8.625395e+04   6.697813e+02
  6.348070e-01   8.577388e+04   6.759908e+02
  6.375670e-01   8.626961e+04   6.748266e+02
  6.403270e-01   8.640306e+04   6.666148e+02
  6.430860e-01   8.470249e+04   6.622444e+02
  6.458460e-01   8.355757e+04   6.534711e+02
  6.486060e-01   8.157698e+04   6.479019e+02
  6.513650e-01   8.217369e+04   6.452158e+02
  6.541250e-01   8.106288e+04   6.406720e+02
  6.568840e-01   7.966343e+04   6.368668e+02
  6.596440e-01   7.902978e+04   6.292781e+02
  6.624040e-01   7.883784e+04   6.320620e+02
  6.651630e-01   7.815037e+04   6.201845e+02
  6.679230e-01   7.729996e+04   6.227243e+02
  6.706830e-01   7.678932e+04   6.171297e+02
  6.734420e-01   7.504201e+04   6.083232e+02
  6.762020e-01   7.402358e+04   5.976866e+02
  6.789610e-01   7.322046e+04   5.949260e+02
  6.817210e-01   7.317709e+04   5.946383e+02
  6.844810e-01   7.283913e+04   5.930548e+02
  6.872400e-01   7.289690e+04   5.875441e+02
  6.900000e-01   7.156448e+04   5.864294e+02
  6.927600e-01   6.987203e+04   5.764724e+02
  6.955190e-01   7.050828e+04   5.784221e+02
  6.982790e-01   6.896873e+04   5.670475e+02
  7.010390e-01   6.735997e+04   5.591770e+02
  7.037980e-01   6.710346e+04   5.645632e+02
  7.065580e-01   6.695320e+04   5.612720e+02
  7.093170e-01   6.615318e+04   5.551800e+02
  7.120770e-01   6.630307e+04   5.541485e+02
  7.148370e-01   6.403653e+04   5.473707e+02
  7.175960e-01   6.374347e+04   5.439638e+02
  7.203560e-01   6.432588e+04   5.466251e+02
  7.231160e-01   6.300520e+04   5.385599e+02
  7.258750e-01   6.278992e+04   5.368482e+02
  7.286350e-01   6.171555e+04   5.335048e+02
  7.313940e-01   6.113656e+04   5.277977e+02
  7.341540e-01   6.022258e+04   5.218441e+02
  7.369140e-01   5.983586e+04   5.250742e+02
  7.396730e-01   5.806507e+04   5.126820e+02
  7.424330e-01   5.802027e+04   5.155707e+02
  7.451930e-01   5.875311e+04   5.093847e+02
  7.479520e-01   5.773514e+04   5.081147e+02
  7.507120e-01   5.674255e+04   5.065476e+02
  7.534720e-01   5.525920e+04   4.966820e+02
  7.562310e-01   5.566248e+04   5.011035e+02
  7.589910e-01   5.493354e+04   4.884271e+02
  7.617500e-01   5.449794e+04   4.915891e+02
  7.645100e-01   5.417408e+04   4.872751e+02
  7.672700e-01   5.279761e+04   4.826250e+02
  7.700290e-01   5.301893e+04   4.810666e+02
  7.727890e-01   5.137984e+04   4.725381e+02
  7.755490e-01   5.188731e+04   4.793743e+02
  7.783080e-01   5.096926e+04   4.685767e+02
  7.810680e-01   5.039950e+04   4.659399e+02
  7.838280e-01   5.084402e+04   4.672263e+02
  7.865870e-01   4.908990e+04   4.589915e+02
  7.893470e-01   4.849736e+04   4.626452e+02
  7.921060e-01   4.783686e+04   4.480856e+02
  7.948660e-01   4.819551e+04   4.544927e+02
  7.976260e-01   4.702372e+04   4.501531e+02
  8.003850e-01   4.700553e+04   4.460541e+02
  8.031450e-01   4.600146e+04   4.435739e+02
  8.059050e-01   4.544546e+04   4.344096e+02
  8.086640e-01   4.474570e+04   4.374378e+02
  8.114240e-01   4.457167e+04   4.321224e+02
  8.141830e-01   4.420366e+04   4.302528e+02
  8.169430e-01   4.364243e+04   4.285791e+02
  8.197030e-01   4.330049e+04   4.228614e+02
  8.224620e-01   4.222729e+04   4.235244e+02
  8.252220e-01   4.177520e+04   4.172617e+02
  8.279820e-01   4.185216e+04   4.150758e+02
  8.307410e-01   4.172792e+04   4.159475e+02
  8.335010e-01   4.033353e+04   4.067893e+02
  8.362610e-01   4.010100e+04   4.104773e+02
  8.390200e-01   3.936365e+04   3.990074e+02
  8.417800e-01   3.927108e+04   4.028664e+02
  8.445390e-01   3.850029e+04   3.985578e+02
  8.472990e-01   3.848229e+04   3.967242e+02
  8.500590e-01   3.769434e+04   3.913083e+02
  8.528180e-01   3.671460e+04   3.854123e+02
  8.555780e-01   3.659917e+04   3.878554e+02
  8.583380e-01   3.674110e+04   3.849789e+02
  8.610970e-01   3.624136e+04   3.857902e+02
  8.638570e-01   3.599110e+04   3.800439e+02
  8.666160e-01   3.645125e+04   3.823364e+02
  8.693760e-01   3.511252e+04   3.775820e+02
  8.721360e-01   3.481404e+04   3.748348e+02
  8.748950e-01   3.406879e+04   3.817164e+02
  8.776550e-01   3.290681e+04   3.756115e+02
  8.804150e-01   3.323006e+04   3.797625e+02
  8.831740e-01   3.286043e+04   3.805868e+02
  8.859340e-01   3.277615e+04   3.744571e+02
  8.886940e-01   3.294071e+04   3.817619e+02
  8.914530e-01   3.281099e+04   3.753491e+02
  8.942130e-01   3.150467e+04   3.641398e+02
  8.969720e-01   3.132690e+04   3.592620e+02
  8.997320e-01   3.040098e+04   3.506105e+02
  9.024920e-01   3.072045e+04   3.563984e+02
  9.052510e-01   3.035843e+04   3.491919e+02
  9.080110e-01   2.955921e+04   3.472901e+02
  9.107710e-01   2.938703e+04   3.455626e+02
  9.135300e-01   2.937617e+04   3.433202e+02
  9.162900e-01   2.933282e+04   3.441324e+02
  9.190490e-01   2.811529e+04   3.336246e+02
  9.218090e-01   2.834490e+04   3.365102e+02
  9.245690e-01   2.725768e+04   3.300211e+02
  9.273280e-01   2.674942e+04   3.277435e+02
  9.300880e-01   2.692582e+04   3.289786e+02
  9.328480e-01   2.697004e+04   3.244107e+02
  9.356070e-01   2.614998e+04   3.239764e+02
  9.383670e-01   2.627203e+04   3.213712e+02
  9.411270e-01   2.547662e+04   3.187233e+02
  9.438860e-01   2.506734e+04   3.143237e+02
  9.466460e-01   2.521700e+04   3.144988e+02
  9.494050e-01   2.459200e+04   3.134263e+02
  9.521650e-01   2.461254e+04   3.084664e+02
  9.549250e-01   2.401333e+04   3.088211e+02
  9.576840e-01   2.378451e+04   3.048417e+02
  9.604440e-01   2.357897e+04   3.042095e+02
  9.632040e-01   2.298661e+04   3.029538e+02
  9.659630e-01   2.325074e+04   2.987269e+02
  9.687230e-01   2.243888e+04   2.977503e+02
  9.714820e-01   2.249476e+04   2.939565e+02
  9.742420e-01   2.190919e+04   2.937893e+02
  9.770020e-01   2.206537e+04   2.947469e+02
  9.797610e-01   2.207384e+04   2.899823e+02
  9.825210e-01   2.131857e+04   2.897015e+02
  9.852810e-01   2.129167e+04   2.854930e+02
  9.880400e-01   2.120335e+04   2.871692e+02
  9.908000e-01   2.083180e+04   2.830353e+02
  9.935600e-01   2.047357e+04   2.797098e+02
  9.963190e-01   2.085533e+04   2.851605e+02
  9.990790e-01   2.027356e+04   2.763608e+02
  1.001840e+00   1.986457e+04   2.762077e+02
  1.004600e+00   1.932169e+04   2.709067e+02
  1.007360e+00   1.926956e+04   2.702743e+02
  1.010120e+00   1.939256e+04   2.731426e+02
  1.012880e+00   1.895319e+04   2.684473e+02
  1.015640e+00   1.855243e+04   2.665085e+02
  1.018400e+00   1.847310e+04   2.657207e+02
  1.021160e+00   1.852124e+04   2.666213e+02
  1.023920e+00   1.766944e+04   2.626724e+02
  1.026680e+00   1.763225e+04   2.599214e+02
  1.029430e+00   1.741051e+04   2.607898e+02
  1.032190e+00   1.734639e+04   2.572581e+02
  1.034950e+00   1.751883e+04   2.596508e+02
  1.037710e+00   1.654023e+04   2.519517e+02
  1.040470e+00   1.672796e+04   2.542257e+02
  1.043230e+00   1.637732e+04   2.528467e+02
  1.045990e+00   1.667247e+04   2.528795e+02
  1.048750e+00   1.616846e+04   2.502988e+02
  1.051510e+00   1.613072e+04   2.479265e+02
  1.054270e+00   1.598981e+04   2.536786e+02
  1.057030e+00   1.594738e+04   2.551462e+02
  1.059790e+00   1.546828e+04   2.528958e+02
  1.062550e+00   1.524825e+04   2.569763e+02
  1.065310e+00   1.486773e+04   2.520604e+02
  1.068070e+00   1.481737e+04   2.554553e+02
  1.070830e+00   1.493680e+04   2.556420e+02
  1.073590e+00   1.416356e+04   2.491268e+02
  1.076350e+00   1.439113e+04   2.569638e+02
  1.079110e+00   1.429054e+04   2.531843e+02
  1.081870e+00   1.445323e+04   2.583218e+02
  1.084630e+00   1.408433e+04   2.527436e+02
  1.087390e+00   1.436126e+04   2.563000e+02
  1.090150e+00   1.391663e+04   2.564559e+02
  1.092910e+00   1.327330e+04   2.491473e+02
  1.095670e+00   1.359803e+04   2.551701e+02
  1.098430e+00   1.296410e+04   2.482482e+02
  1.101190e+00   1.397359e+04   2.506734e+02
  1.103940e+00   1.336445e+04   2.455214e+02
  1.106700e+00   1.314735e+04   2.397990e+02
  1.109460e+00   1.281762e+04   2.386680e+02
  1.112220e+00   1.251531e+04   2.328183e+02
  1.114980e+00   1.219561e+04   2.322977e+02
  1.117740e+00   1.238426e+04   2.304609e+02
  1.120500e+00   1.216695e+04   2.285002e+02
  1.123260e+00   1.203534e+04   2.273511e+02
  1.126020e+00   1.166302e+04   2.243667e+02
  1.128780e+00   1.221747e+04   2.284437e+02
  1.131540e+00   1.181528e+04   2.228804e+02
  1.134300e+00   1.172166e+04   2.236944e+02
  1.137060e+00   1.154326e+04   2.217373e+02
  1.139820e+00   1.117555e+04   2.186474e+02
  1.142580e+00   1.101462e+04   2.170594e+02
  1.145340e+00   1.107372e+04   2.145751e+02
  1.148100e+00   1.092530e+04   2.160933e+02
  1.150860e+00   1.067344e+04   2.125188e+02
  1.153620e+00   1.051219e+04   2.113331e+02
  1.156380e+00   1.054216e+04   2.113355e+02
  1.159140e+00   1.064810e+04   2.105830e+02
  1.161900e+00   1.064001e+04   2.114645e+02
  1.164660e+00   1.030469e+04   2.068886e+02
  1.167420e+00   1.072433e+04   2.102023e+02
  1.170180e+00   1.013609e+04   2.061277e+02
  1.172940e+00   1.046745e+04   2.068767e+02
  1.175700e+00   1.006802e+04   2.061649e+02
  1.178450e+00   9.968232e+03   2.018340e+02
  1.181210e+00   1.001890e+04   2.046169e+02
  1.183970e+00   9.889042e+03   2.039163e+02
  1.186730e+00   9.848718e+03   2.007328e+02
  1.189490e+00   9.852986e+03   2.017593e+02
  1.192250e+00   9.348880e+03   1.970442e+02
  1.195010e+00   9.198693e+03   1.974312e+02
  1.197770e+00   9.209495e+03   1.954282e+02
  1.200530e+00   9.498769e+03   1.986665e+02
  1.203290e+00   9.168649e+03   1.960868e+02
  1.206050e+00   9.319868e+03   1.965991e+02
  1.208810e+00   8.780879e+03   1.931101e+02
  1.211570e+00   8.975368e+03   1.933535e+02
  1.214330e+00   9.121182e+03   1.945966e+02
  1.217090e+00   8.858860e+03   1.933417e+02
  1.219850e+00   8.495058e+03   1.890570e+02
  1.222610e+00   8.774999e+03   1.920054e+02
  1.225370e+00   8.390774e+03   1.870032e+02
  1.228130e+00   8.465941e+03   1.881506e+02
  1.230890e+00   8.503789e+03   1.887111e+02
  1.233650e+00   8.544673e+03   1.879311e+02
  1.236410e+00   8.513198e+03   1.882689e+02
  1.239170e+00   8.294529e+03   1.848140e+02
  1.241930e+00   8.079415e+03   1.858437e+02
  1.244690e+00   8.436164e+03   1.863110e+02
  1.247450e+00   8.448086e+03   1.868121e+02
  1.250210e+00   8.020018e+03   1.833756e+02
  1.252960e+00   8.146250e+03   1.832516e+02
  1.255720e+00   7.831238e+03   1.821744e+02
  1.258480e+00   7.986043e+03   1.808654e+02
  1.261240e+00   7.910733e+03   1.812932e+02
  1.264000e+00   7.982133e+03   1.827298e+02
  1.266760e+00   7.494859e+03   1.778475e+02
  1.269520e+00   7.640053e+03   1.800859e+02
  1.272280e+00   7.524951e+03   1.768046e+02
  1.275040e+00   7.363181e+03   1.772259e+02
  1.277800e+00   7.492613e+03   1.767812e+02
  1.280560e+00   7.792113e+03   1.785701e+02
  1.283320e+00   7.285309e+03   1.754107e+02
  1.286080e+00   7.529090e+03   1.764219e+02
  1.288840e+00   7.240680e+03   1.754215e+02
  1.291600e+00   7.331570e+03   1.741872e+02
  1.294360e+00   7.261611e+03   1.734289e+02
  1.297120e+00   7.453488e+03   1.752901e+02
  1.299880e+00   7.348501e+03   1.737903e+02
  1.302640e+00   7.366113e+03   1.754311e+02
  1.305400e+00   7.296642e+03   1.724957e+02
  1.308160e+00   7.024490e+03   1.708996e+02
  1.310920e+00   7.026728e+03   1.715530e+02
  1.313680e+00   6.871587e+03   1.697295e+02
  1.316440e+00   6.792077e+03   1.700729e+02
  1.319200e+00   6.952058e+03   1.695419e+02
  1.321960e+00   6.964749e+03   1.699254e+02
  1.324720e+00   7.009977e+03   1.698916e+02
  1.327470e+00   6.806706e+03   1.688878e+02
  1.330230e+00   6.695140e+03   1.669810e+02
  1.332990e+00   6.479383e+03   1.654495e+02
  1.335750e+00   6.709694e+03   1.678464e+02
  1.338510e+00   6.709443e+03   1.665238e+02
  1.341270e+00   6.841749e+03   1.679211e+02
  1.344030e+00   6.193856e+03   1.616761e+02
  1.346790e+00   6.660234e+03   1.661328e+02
  1.349550e+00   6.592716e+03   1.656190e+02
  1.352310e+00   6.251813e+03   1.624673e+02
  1.355070e+00   6.485236e+03   1.645845e+02
  1.357830e+00   6.249729e+03   1.627274e+02
  1.360590e+00   6.294155e+03   1.621177e+02
  1.363350e+00   6.215122e+03   1.622555e+02
  1.366110e+00   5.932077e+03   1.581925e+02
  1.368870e+00   6.176571e+03   1.621431e+02
  1.371630e+00   6.339987e+03   1.612653e+02
  1.374390e+00   6.120281e+03   1.599726e+02
  1.377150e+00   5.834074e+03   1.574762e+02
  1.379910e+00   5.996626e+03   1.581718e+02
  1.382670e+00   6.162283e+03   1.605914e+02
  1.385430e+00   6.227345e+03   1.593610e+02
  1.388190e+00   6.063802e+03   1.588104e+02
  1.390950e+00   5.949908e+03   1.567513e+02
  1.393710e+00   5.758596e+03   1.562996e+02
  1.396470e+00   5.864514e+03   1.560815e+02
  1.399230e+00   5.651046e+03   1.545195e+02
  1.401990e+00   5.950568e+03   1.570093e+02
  1.404740e+00   5.727720e+03   1.550284e+02
  1.407500e+00   5.902444e+03   1.564160e+02
  1.410260e+00   5.896391e+03   1.564702e+02
  1.413020e+00   5.676460e+03   1.540804e+02
  1.415780e+00   5.674197e+03   1.552932e+02
  1.418540e+00   5.597986e+03   1.532960e+02
  1.421300e+00   5.693726e+03   1.550485e+02
  1.424060e+00   5.551722e+03   1.523601e+02
  1.426820e+00   5.512649e+03   1.526209e+02
  1.429580e+00   5.644297e+03   1.540607e+02
  1.432340e+00   5.648757e+03   1.527177e+02
  1.435100e+00   5.611660e+03   1.537025e+02
  1.437860e+00   5.623109e+03   1.515130e+02
  1.440620e+00   5.480220e+03   1.525291e+02
  1.443380e+00   5.293604e+03   1.504411e+02
  1.446140e+00   5.404088e+03   1.502653e+02
  1.448900e+00   5.551878e+03   1.524201e+02
  1.451660e+00   5.426759e+03   1.497001e+02
  1.454420e+00   5.859916e+03   1.544169e+02
  1.457180e+00   5.510751e+03   1.499736e+02
  1.459940e+00   5.084035e+03   1.470994e+02
  1.462700e+00   5.277428e+03   1.498347e+02
  1.465460e+00   5.315864e+03   1.480355e+02
  1.468220e+00   5.259917e+03   1.491810e+02
  1.470980e+00   5.180215e+03   1.473610e+02
  1.473740e+00   5.277649e+03   1.482098e+02
  1.476500e+00   5.123740e+03   1.474347e+02
  1.479250e+00   5.143287e+03   1.459985e+02
  1.482010e+00   5.192079e+03   1.473832e+02
  1.484770e+00   5.222152e+03   1.469115e+02
  1.487530e+00   5.125595e+03   1.471979e+02
  1.490290e+00   5.078266e+03   1.466099e+02
  1.493050e+00   5.123935e+03   1.455282e+02
  1.495810e+00   4.908418e+03   1.442765e+02
  1.498570e+00   5.229401e+03   1.467231e+02
  1.501330e+00   4.861835e+03   1.437444e+02
  1.504090e+00   4.703169e+03   1.431432e+02
  1.506850e+00   5.216371e+03   1.448625e+02
  1.509610e+00   5.073596e+03   1.451565e+02
  1.512370e+00   4.972693e+03   1.433753e+02
  1.515130e+00   4.958064e+03   1.437664e+02
  1.517890e+00   4.879311e+03   1.428775e+02
  1.520650e+00   4.597455e+03   1.413566e+02
  1.523410e+00   4.559940e+03   1.407915e+02
  1.526170e+00   4.721698e+03   1.412635e+02
  1.528930e+00   4.820913e+03   1.417908e+02
  1.531690e+00   4.631986e+03   1.407609e+02
  1.534450e+00   4.498314e+03   1.398634e+02
  1.537210e+00   4.799272e+03   1.417365e+02
  1.539970e+00   4.793603e+03   1.409021e+02
  1.542730e+00   4.586985e+03   1.397759e+02
  1.545490e+00   4.612564e+03   1.397271e+02
  1.548250e+00   4.782280e+03   1.409756e+02
  1.551010e+00   4.675313e+03   1.394054e+02
  1.553760e+00   4.485238e+03   1.381667e+02
  1.556520e+00   4.441651e+03   1.382016e+02
  1.559280e+00   4.414785e+03   1.374624e+02
  1.562040e+00   4.485567e+03   1.383287e+02
  1.564800e+00   4.532044e+03   1.373623e+02
  1.567560e+00   4.600133e+03   1.384066e+02
  1.570320e+00   4.422722e+03   1.372598e+02
  1.573080e+00   4.349830e+03   1.365896e+02
  1.575840e+00   4.434634e+03   1.367855e+02
  1.578600e+00   4.457805e+03   1.365818e+02
  1.581360e+00   4.415591e+03   1.369367e+02
  1.584120e+00   4.504398e+03   1.373710e+02
  1.586880e+00   4.120698e+03   1.339257e+02
  1.589640e+00   4.235470e+03   1.342318e+02
  1.592400e+00   4.433176e+03   1.361468e+02
  1.595160e+00   4.200646e+03   1.341762e+02
  1.597920e+00   4.509125e+03   1.354348e+02
  1.600680e+00   4.128372e+03   1.339274e+02
  1.603440e+00   4.270129e+03   1.347799e+02
  1.606200e+00   4.074371e+03   1.332432e+02
  1.608960e+00   4.265868e+03   1.349354e+02
  1.611720e+00   4.051066e+03   1.317344e+02
  1.614480e+00   3.972130e+03   1.316971e+02
  1.617240e+00   4.099438e+03   1.326005e+02
  1.620000e+00   3.866176e+03   1.309623e+02
  1.622760e+00   4.049593e+03   1.316979e+02
  1.625520e+00   3.751665e+03   1.297657e+02
  1.628270e+00   4.037020e+03   1.320297e+02
  1.631030e+00   3.936507e+03   1.302806e+02
  1.633790e+00   4.054214e+03   1.319119e+02
  1.636550e+00   4.006755e+03   1.313552e+02
  1.639310e+00   4.092847e+03   1.340558e+02
  1.642070e+00   3.857222e+03   1.342438e+02
  1.644830e+00   4.058568e+03   1.342376e+02
  1.647590e+00   3.874300e+03   1.356535e+02
  1.650350e+00   4.049648e+03   1.371446e+02
  1.653110e+00   3.814233e+03   1.350974e+02
  1.655870e+00   3.835158e+03   1.367787e+02
  1.658630e+00   3.964794e+03   1.367860e+02
  1.661390e+00   3.919316e+03   1.383756e+02
  1.664150e+00   3.709094e+03   1.366759e+02
  1.666910e+00   3.788264e+03   1.375692e+02
  1.669670e+00   3.717886e+03   1.368238e+02
  1.672430e+00   3.844761e+03   1.383694e+02
  1.675190e+00   3.857241e+03   1.400506e+02
  1.677950e+00   3.799835e+03   1.387100e+02
  1.680710e+00   3.730399e+03   1.380505e+02
  1.683470e+00   3.731134e+03   1.393939e+02
  1.686230e+00   3.616506e+03   1.354016e+02
  1.688990e+00   3.588854e+03   1.352915e+02
  1.691750e+00   3.675081e+03   1.337568e+02
  1.694510e+00   3.858636e+03   1.354191e+02
  1.697270e+00   3.579976e+03   1.322515e+02
  1.700030e+00   3.416065e+03   1.304191e+02
  1.702780e+00   3.678361e+03   1.322708e+02
  1.705540e+00   3.655364e+03   1.315908e+02
  1.708300e+00   3.519936e+03   1.315172e+02
  1.711060e+00   3.458453e+03   1.291443e+02
  1.713820e+00   3.587937e+03   1.307472e+02
  1.716580e+00   3.463419e+03   1.283789e+02
  1.719340e+00   3.303056e+03   1.269277e+02
  1.722100e+00   3.581992e+03   1.302110e+02
  1.724860e+00   3.245565e+03   1.264771e+02
  1.727620e+00   3.315754e+03   1.275324e+02
  1.730380e+00   3.384392e+03   1.271274e+02
  1.733140e+00   3.378178e+03   1.267953e+02
  1.735900e+00   3.308466e+03   1.270572e+02
  1.738660e+00   3.549442e+03   1.275060e+02
  1.741420e+00   3.298265e+03   1.262652e+02
  1.744180e+00   3.264089e+03   1.251353e+02
  1.746940e+00   3.151332e+03   1.250823e+02
  1.749700e+00   3.269291e+03   1.259560e+02
  1.752460e+00   3.048647e+03   1.227131e+02
  1.755220e+00   3.497363e+03   1.274716e+02
  1.757980e+00   3.066531e+03   1.234065e+02
  1.760740e+00   3.283486e+03   1.254667e+02
  1.763500e+00   3.211787e+03   1.243318e+02
  1.766260e+00   3.140177e+03   1.238545e+02
  1.769020e+00   3.034782e+03   1.238040e+02
  1.771780e+00   3.317936e+03   1.237542e+02
  1.774540e+00   3.128751e+03   1.230114e+02
  1.777290e+00   3.357549e+03   1.250144e+02
  1.780050e+00   3.186137e+03   1.233633e+02
  1.782810e+00   3.159824e+03   1.237328e+02
  1.785570e+00   2.930146e+03   1.204737e+02
  1.788330e+00   3.086658e+03   1.222683e+02
  1.791090e+00   3.135667e+03   1.221156e+02
  1.793850e+00   2.783198e+03   1.203194e+02
  1.796610e+00   2.952998e+03   1.216711e+02
  1.799370e+00   3.075019e+03   1.208024e+02
  1.802130e+00   3.030341e+03   1.217600e+02
  1.804890e+00   2.795462e+03   1.192583e+02
  1.807650e+00   3.053674e+03   1.218692e+02
  1.810410e+00   2.894123e+03   1.200556e+02
  1.813170e+00   2.921406e+03   1.203840e+02
  1.815930e+00   2.897838e+03   1.202892e+02
  1.818690e+00   2.798145e+03   1.185395e+02
  1.821450e+00   2.817516e+03   1.192126e+02
  1.824210e+00   2.700038e+03   1.180014e+02
  1.826970e+00   2.906518e+03   1.197215e+02
  1.829730e+00   2.996962e+03   1.207241e+02
  1.832490e+00   2.731182e+03   1.178804e+02
  1.835250e+00   3.047663e+03   1.206480e+02
  1.838010e+00   2.797864e+03   1.181013e+02
  1.840770e+00   2.697174e+03   1.172366e+02
  1.843530e+00   2.914916e+03   1.188511e+02
  1.846290e+00   2.594461e+03   1.162611e+02
  1.849050e+00   2.700130e+03   1.174367e+02
  1.851810e+00   2.711559e+03   1.167206e+02
  1.854560e+00   2.782763e+03   1.183550e+02
  1.857320e+00   2.703890e+03   1.173373e+02
  1.860080e+00   2.365894e+03   1.153514e+02
  1.862840e+00   2.528544e+03   1.164546e+02
  1.865600e+00   2.756265e+03   1.176328e+02
  1.868360e+00   2.556507e+03   1.167270e+02
  1.871120e+00   2.453971e+03   1.158281e+02
  1.873880e+00   2.680794e+03   1.176936e+02
  1.876640e+00   2.409535e+03   1.161159e+02
  1.879400e+00   2.841331e+03   1.189429e+02
  1.882160e+00   2.639654e+03   1.177442e+02
  1.884920e+00   2.718214e+03   1.179090e+02
  1.887680e+00   2.758541e+03   1.187946e+02
  1.890440e+00   2.488460e+03   1.164765e+02
  1.893200e+00   2.726331e+03   1.185377e+02
  1.895960e+00   2.601977e+03   1.176431e+02
  1.898720e+00   2.573361e+03   1.173384e+02
  1.901480e+00   2.456334e+03   1.168496e+02
  1.904240e+00   2.741280e+03   1.181181e+02
  1.907000e+00   2.457101e+03   1.166321e+02
  1.909760e+00   2.635856e+03   1.178082e+02
  1.912520e+00   2.355170e+03   1.154042e+02
  1.915280e+00   2.800733e+03   1.193689e+02
  1.918040e+00   2.420223e+03   1.149920e+02
  1.920800e+00   2.198325e+03   1.150042e+02
  1.923560e+00   2.512309e+03   1.168915e+02
  1.926320e+00   2.412485e+03   1.153635e+02
  1.929070e+00   2.306519e+03   1.155312e+02
  1.931830e+00   2.297850e+03   1.148107e+02
  1.934590e+00   2.512706e+03   1.170149e+02
  1.937350e+00   2.354722e+03   1.151596e+02
  1.940110e+00   2.492591e+03   1.166956e+02
  1.942870e+00   2.603048e+03   1.184477e+02
  1.945630e+00   2.244436e+03   1.144634e+02
  1.948390e+00   2.457870e+03   1.168129e+02
  1.951150e+00   2.351968e+03   1.148508e+02
  1.953910e+00   2.208223e+03   1.147086e+02
  1.956670e+00   2.425411e+03   1.168121e+02
  1.959430e+00   2.357825e+03   1.151905e+02
  1.962190e+00   2.196447e+03   1.146721e+02
  1.964950e+00   2.446634e+03   1.158036e+02
  1.967710e+00   2.422533e+03   1.165820e+02
  1.970470e+00   2.235930e+03   1.152555e+02
  1.973230e+00   2.257412e+03   1.146417e+02
  1.975990e+00   2.348679e+03   1.161312e+02
  1.978750e+00   2.185136e+03   1.140786e+02
  1.981510e+00   2.128315e+03   1.144416e+02
  1.984270e+00   2.201507e+03   1.145801e+02
  1.987030e+00   2.290183e+03   1.150918e+02
  1.989790e+00   2.215341e+03   1.149521e+02
  1.992550e+00   2.072263e+03   1.131734e+02
  1.995310e+00   2.151896e+03   1.145585e+02
  1.998070e+00   2.173105e+03   1.135172e+02
  2.000830e+00   2.266617e+03   1.155621e+02
  2.003580e+00   2.185065e+03   1.141567e+02
  2.006340e+00   2.112816e+03   1.135458e+02
  2.009100e+00   2.313204e+03   1.153662e+02
  2.011860e+00   1.932303e+03   1.119220e+02
  2.014620e+00   1.938311e+03   1.126220e+02
  2.017380e+00   2.044871e+03   1.131378e+02
  2.020140e+00   2.116920e+03   1.134409e+02
  2.022900e+00   2.006919e+03   1.130925e+02
  2.025660e+00   2.252843e+03   1.146553e+02
  2.028420e+00   2.014595e+03   1.135431e+02
  2.031180e+00   2.148158e+03   1.131209e+02
  2.033940e+00   2.051802e+03   1.129915e+02
  2.036700e+00   1.985074e+03   1.132187e+02
  2.039460e+00   2.114213e+03   1.129265e+02
  2.042220e+00   1.690837e+03   1.104650e+02
  2.044980e+00   2.177083e+03   1.135453e+02
  2.047740e+00   1.959470e+03   1.125989e+02
  2.050500e+00   2.155285e+03   1.139377e+02
  2.053260e+00   2.259017e+03   1.144609e+02
  2.056020e+00   1.874700e+03   1.119484e+02
  2.058780e+00   1.828732e+03   1.111854e+02
  2.061540e+00   1.903374e+03   1.118449e+02
  2.064300e+00   1.879672e+03   1.116923e+02
  2.067060e+00   1.890582e+03   1.115723e+02
  2.069820e+00   1.893838e+03   1.123399e+02
  2.072580e+00   1.940078e+03   1.127002e+02
  2.075340e+00   1.950664e+03   1.126347e+02
  2.078090e+00   1.826534e+03   1.102743e+02
  2.080850e+00   2.046454e+03   1.131848e+02
  2.083610e+00   1.942632e+03   1.120975e+02
  2.086370e+00   1.778009e+03   1.110377e+02
  2.089130e+00   1.644083e+03   1.101755e+02
  2.091890e+00   1.686701e+03   1.099317e+02
  2.094650e+00   1.800943e+03   1.113160e+02
  2.097410e+00   2.134644e+03   1.132283e+02
  2.100170e+00   1.894870e+03   1.122528e+02
  2.102930e+00   1.654061e+03   1.100700e+02
  2.105690e+00   1.832480e+03   1.108297e+02
  2.108450e+00   1.779347e+03   1.111358e+02
  2.111210e+00   1.758954e+03   1.099235e+02
  2.113970e+00   1.697308e+03   1.102653e+02
  2.116730e+00   1.773560e+03   1.104609e+02
  2.119490e+00   1.750415e+03   1.102562e+02
  2.122250e+00   1.788659e+03   1.112073e+02
  2.125010e+00   1.787934e+03   1.102152e+02
  2.127770e+00   1.618977e+03   1.093062e+02
  2.130530e+00   1.785730e+03   1.101181e+02
  2.133290e+00   1.693266e+03   1.096916e+02
  2.136050e+00   1.760478e+03   1.099052e+02
  2.138810e+00   1.488046e+03   1.078594e+02
  2.141570e+00   1.631863e+03   1.093241e+02
  2.144330e+00   1.636337e+03   1.085006e+02
  2.147090e+00   1.641572e+03   1.092432e+02
  2.149850e+00   1.591044e+03   1.082911e+02
  2.152600e+00   1.876644e+03   1.105558e+02
  2.155360e+00   1.691137e+03   1.094189e+02
  2.158120e+00   1.642734e+03   1.077917e+02
  2.160880e+00   1.577378e+03   1.078694e+02
  2.163640e+00   1.568347e+03   1.076386e+02
  2.166400e+00   1.553631e+03   1.081402e+02
  2.169160e+00   1.636655e+03   1.090148e+02
  2.171920e+00   1.398842e+03   1.061575e+02
  2.174680e+00   1.604986e+03   1.088557e+02
  2.177440e+00   1.728872e+03   1.085858e+02
  2.180200e+00   1.681621e+03   1.087118e+02
  2.182960e+00   1.434485e+03   1.071846e+02
  2.185720e+00   1.495355e+03   1.069050e+02
  2.188480e+00   1.690059e+03   1.097520e+02
  2.191240e+00   1.459677e+03   1.066759e+02
  2.194000e+00   1.460964e+03   1.072974e+02
  2.196760e+00   1.427010e+03   1.067203e+02
  2.199520e+00   1.644204e+03   1.078106e+02
  2.202280e+00   1.378831e+03   1.073269e+02
  2.205040e+00   1.475619e+03   1.062994e+02
  2.207800e+00   1.562350e+03   1.084874e+02
  2.210560e+00   1.516622e+03   1.069050e+02
  2.213320e+00   1.791022e+03   1.090655e+02
  2.216080e+00   1.521805e+03   1.077768e+02
  2.218840e+00   1.530049e+03   1.072981e+02
  2.221600e+00   1.450692e+03   1.077313e+02
  2.224360e+00   1.342736e+03   1.074159e+02
  2.227120e+00   1.676047e+03   1.117797e+02
  2.229870e+00   1.669203e+03   1.128508e+02
  2.232630e+00   1.515571e+03   1.113025e+02
  2.235390e+00   1.487695e+03   1.134583e+02
  2.238150e+00   1.457602e+03   1.119492e+02
  2.240910e+00   1.274540e+03   1.113135e+02
  2.243670e+00   1.467441e+03   1.144210e+02
  2.246430e+00   1.637216e+03   1.159437e+02
  2.249190e+00   1.454939e+03   1.161900e+02
  2.251950e+00   1.617554e+03   1.171193e+02
  2.254710e+00   1.184891e+03   1.154328e+02
  2.257470e+00   1.324191e+03   1.160621e+02
  2.260230e+00   1.617483e+03   1.201413e+02
  2.262990e+00   1.194752e+03   1.168117e+02
  2.265750e+00   1.195907e+03   1.165392e+02
  2.268510e+00   1.369019e+03   1.198604e+02
  2.271270e+00   1.507641e+03   1.185074e+02
  2.274030e+00   1.481540e+03   1.183303e+02
  2.276790e+00   1.511839e+03   1.173655e+02
  2.279550e+00   1.642455e+03   1.177557e+02
  2.282310e+00   1.460001e+03   1.163937e+02
  2.285070e+00   1.223871e+03   1.133611e+02
  2.287830e+00   1.380098e+03   1.150189e+02
  2.290590e+00   1.392124e+03   1.133760e+02
  2.293350e+00   1.474079e+03   1.152936e+02
  2.296110e+00   1.182709e+03   1.127343e+02
  2.298870e+00   1.422389e+03   1.140705e+02
  2.301630e+00   1.465281e+03   1.151133e+02
  2.304380e+00   1.451054e+03   1.143259e+02
  2.307140e+00   1.296197e+03   1.133466e+02
  2.309900e+00   1.656375e+03   1.162753e+02
  2.312660e+00   1.417128e+03   1.140543e+02
  2.315420e+00   1.450701e+03   1.141398e+02
  2.318180e+00   1.361256e+03   1.135481e+02
  2.320940e+00   1.177546e+03   1.126488e+02
  2.323700e+00   1.275582e+03   1.131252e+02
  2.326460e+00   1.136400e+03   1.116622e+02
  2.329220e+00   1.336769e+03   1.138035e+02
  2.331980e+00   1.128908e+03   1.123449e+02
  2.334740e+00   1.240331e+03   1.127569e+02
  2.337500e+00   1.216882e+03   1.129116e+02
  2.340260e+00   1.275697e+03   1.132698e+02
  2.343020e+00   1.325771e+03   1.140670e+02
  2.345780e+00   1.334446e+03   1.132355e+02
  2.348540e+00   1.158235e+03   1.120918e+02
  2.351300e+00   1.214763e+03   1.129699e+02
  2.354060e+00   1.235310e+03   1.128001e+02
  2.356820e+00   1.339705e+03   1.142791e+02
  2.359580e+00   1.342265e+03   1.135145e+02
  2.362340e+00   1.346027e+03   1.145171e+02
  2.365100e+00   1.168384e+03   1.126642e+02
  2.367860e+00   1.341715e+03   1.143010e+02
  2.370620e+00   1.356446e+03   1.134829e+02
  2.373380e+00   9.067090e+02   1.103586e+02
  2.376140e+00   1.257462e+03   1.133365e+02
  2.378890e+00   1.090100e+03   1.119508e+02
  2.381650e+00   1.318662e+03   1.139992e+02
  2.384410e+00   1.396545e+03   1.137374e+02
  2.387170e+00   1.391970e+03   1.144910e+02
  2.389930e+00   1.427024e+03   1.150250e+02
  2.392690e+00   1.238965e+03   1.130965e+02
  2.395450e+00   1.120736e+03   1.121554e+02
  2.398210e+00   1.279875e+03   1.132960e+02
  2.400970e+00   1.437319e+03   1.161277e+02
  2.403730e+00   1.212606e+03   1.126864e+02
  2.406490e+00   1.233010e+03   1.132644e+02
  2.409250e+00   1.041464e+03   1.120239e+02
  2.412010e+00   1.072457e+03   1.116256e+02
  2.414770e+00   1.198168e+03   1.132355e+02
  2.417530e+00   1.370379e+03   1.134617e+02
  2.420290e+00   1.083367e+03   1.123167e+02
  2.423050e+00   1.189288e+03   1.130634e+02
  2.425810e+00   9.765430e+02   1.113097e+02
  2.428570e+00   1.078302e+03   1.123763e+02
  2.431330e+00   1.118616e+03   1.112046e+02
  2.434090e+00   9.878280e+02   1.122286e+02
  2.436850e+00   1.082886e+03   1.128310e+02
  2.439610e+00   1.176480e+03   1.131927e+02
  2.442370e+00   1.153736e+03   1.132646e+02
  2.445130e+00   1.215905e+03   1.126249e+02
  2.447890e+00   1.300164e+03   1.151795e+02
  2.450650e+00   8.962210e+02   1.104446e+02
  2.453400e+00   9.837880e+02   1.117441e+02
  2.456160e+00   1.015125e+03   1.126450e+02
  2.458920e+00   1.220777e+03   1.136177e+02
  2.461680e+00   1.167674e+03   1.146605e+02
  2.464440e+00   1.073034e+03   1.110481e+02
  2.467200e+00   1.100168e+03   1.129118e+02
  2.469960e+00   1.136009e+03   1.132511e+02
  2.472720e+00   1.207196e+03   1.136202e+02
  2.475480e+00   1.023466e+03   1.117772e+02
  2.478240e+00   1.020314e+03   1.113435e+02
  2.481000e+00   9.836200e+02   1.119129e+02
  2.483760e+00   1.150329e+03   1.114425e+02
  2.486520e+00   9.297810e+02   1.109135e+02
  2.489280e+00   8.104080e+02   1.097672e+02
  2.492040e+00   8.912430e+02   1.092269e+02
  2.494800e+00   1.027772e+03   1.115885e+02
  2.497560e+00   1.229860e+03   1.124669e+02
  2.500320e+00   9.697170e+02   1.104513e+02
  2.503080e+00   1.178659e+03   1.127900e+02
  2.505840e+00   1.027552e+03   1.107425e+02
  2.508600e+00   1.180481e+03   1.128460e+02
  2.511360e+00   9.713600e+02   1.102590e+02
  2.514120e+00   7.972370e+02   1.096324e+02
  2.516880e+00   1.053338e+03   1.109364e+02
  2.519640e+00   1.092441e+03   1.115325e+02
  2.522400e+00   1.098421e+03   1.122251e+02
  2.525160e+00   1.053613e+03   1.110198e+02
  2.527910e+00   1.015336e+03   1.120601e+02
  2.530670e+00   1.146325e+03   1.123631e+02
  2.533430e+00   1.112648e+03   1.121276e+02
  2.536190e+00   6.982740e+02   1.081687e+02
  2.538950e+00   1.050456e+03   1.110266e+02
  2.541710e+00   7.708980e+02   1.099126e+02
  2.544470e+00   1.008570e+03   1.104741e+02
  2.547230e+00   1.081708e+03   1.124113e+02
  2.549990e+00   8.623120e+02   1.099777e+02
  2.552750e+00   9.756380e+02   1.105451e+02
  2.555510e+00   9.771920e+02   1.114531e+02
  2.558270e+00   9.053050e+02   1.098678e+02
  2.561030e+00   8.493160e+02   1.107914e+02
  2.563790e+00   1.043070e+03   1.106457e+02
  2.566550e+00   1.088203e+03   1.121317e+02
  2.569310e+00   1.022148e+03   1.114895e+02
  2.572070e+00   9.586590e+02   1.107673e+02
  2.574830e+00   1.050946e+03   1.119753e+02
  2.577590e+00   1.027816e+03   1.108138e+02
  2.580350e+00   1.070146e+03   1.120809e+02
  2.583110e+00   8.573470e+02   1.097532e+02
  2.585870e+00   1.070675e+03   1.122146e+02
  2.588630e+00   8.146740e+02   1.099114e+02
  2.591390e+00   9.893630e+02   1.106810e+02
  2.594150e+00   1.053786e+03   1.118459e+02
  2.596910e+00   1.030061e+03   1.115188e+02
  2.599670e+00   8.815310e+02   1.104042e+02
  2.602420e+00   9.500520e+02   1.108252e+02
  2.605180e+00   8.454420e+02   1.097106e+02
  2.607940e+00   9.822730e+02   1.118771e+02
  2.610700e+00   9.238330e+02   1.111858e+02
  2.613460e+00   8.961980e+02   1.119665e+02
  2.616220e+00   8.102530e+02   1.092094e+02
  2.618980e+00   8.672270e+02   1.103421e+02
  2.621740e+00   1.172229e+03   1.133746e+02
  2.624500e+00   8.730320e+02   1.112496e+02
  2.627260e+00   9.682130e+02   1.114034e+02
  2.630020e+00   8.840770e+02   1.106143e+02
  2.632780e+00   1.003034e+03   1.120916e+02
  2.635540e+00   6.793630e+02   1.089288e+02
  2.638300e+00   9.894390e+02   1.114236e+02
  2.641060e+00   7.684360e+02   1.096878e+02
  2.643820e+00   1.186763e+03   1.127799e+02
  2.646580e+00   9.492020e+02   1.121862e+02
  2.649340e+00   9.788350e+02   1.113392e+02
  2.652100e+00   1.068243e+03   1.125965e+02
  2.654860e+00   7.771160e+02   1.104595e+02
  2.657620e+00   1.027514e+03   1.115006e+02
  2.660380e+00   8.581310e+02   1.111958e+02
  2.663140e+00   9.906420e+02   1.117034e+02
  2.665900e+00   1.018817e+03   1.120622e+02
  2.668660e+00   8.394790e+02   1.110405e+02
  2.671420e+00   9.296120e+02   1.113133e+02
  2.674180e+00   7.917800e+02   1.114475e+02
  2.676940e+00   9.304850e+02   1.112103e+02
  2.679690e+00   1.038972e+03   1.126412e+02
  2.682450e+00   7.053260e+02   1.097061e+02
  2.685210e+00   1.223926e+03   1.136842e+02
  2.687970e+00   9.510580e+02   1.120538e+02
  2.690730e+00   7.983030e+02   1.093320e+02
  2.693490e+00   8.621400e+02   1.110903e+02
  2.696250e+00   1.017660e+03   1.121136e+02
  2.699010e+00   1.100452e+03   1.127678e+02
  2.701770e+00   9.319730e+02   1.118629e+02
  2.704530e+00   8.147610e+02   1.102262e+02
  2.707290e+00   9.533920e+02   1.118518e+02
  2.710050e+00   8.331920e+02   1.098934e+02
  2.712810e+00   9.798100e+02   1.117025e+02
  2.715570e+00   9.764920e+02   1.120999e+02
  2.718330e+00   8.621760e+02   1.113746e+02
  2.721090e+00   9.903670e+02   1.120555e+02
  2.723850e+00   8.737570e+02   1.104450e+02
  2.726610e+00   7.497820e+02   1.104743e+02
  2.729370e+00   8.651070e+02   1.115099e+02
  2.732130e+00   9.949110e+02   1.121559e+02
  2.734890e+00   1.043016e+03   1.134599e+02
  2.737650e+00   7.267670e+02   1.099321e+02
  2.740410e+00   7.521540e+02   1.107415e+02
  2.743170e+00   8.823450e+02   1.112663e+02
  2.745930e+00   9.459530e+02   1.119021e+02
  2.748690e+00   1.110028e+03   1.140792e+02
  2.751450e+00   9.474370e+02   1.119240e+02
  2.754200e+00   1.036677e+03   1.132832e+02
  2.756960e+00   8.977410e+02   1.111696e+02
  2.759720e+00   9.125480e+02   1.113547e+02
  2.762480e+00   6.432860e+02   1.093771e+02
  2.765240e+00   7.304030e+02   1.106725e+02
  2.768000e+00   8.417420e+02   1.116067e+02
  2.770760e+00   8.557110e+02   1.101444e+02
  2.773520e+00   8.925960e+02   1.121687e+02
  2.776280e+00   8.775000e+02   1.111116e+02
  2.779040e+00   8.630420e+02   1.109810e+02
  2.781800e+00   8.109270e+02   1.103596e+02
  2.784560e+00   1.006714e+03   1.120796e+02
  2.787320e+00   8.414960e+02   1.109989e+02
  2.790080e+00   9.850740e+02   1.115272e+02
  2.792840e+00   8.467410e+02   1.102958e+02
  2.795600e+00   1.025377e+03   1.124230e+02
  2.798360e+00   8.223080e+02   1.111029e+02
  2.801120e+00   7.796160e+02   1.102191e+02
  2.803880e+00   9.674010e+02   1.111936e+02
  2.806640e+00   9.962020e+02   1.130791e+02
  2.809400e+00   9.307110e+02   1.141353e+02
  2.812160e+00   7.737790e+02   1.149398e+02
  2.814920e+00   1.044999e+03   1.186528e+02
  2.817680e+00   6.417790e+02   1.150629e+02
  2.820440e+00   7.485840e+02   1.181853e+02
  2.823200e+00   1.160104e+03   1.212925e+02
  2.825960e+00   7.564130e+02   1.196330e+02
  2.828710e+00   7.037170e+02   1.195175e+02
  2.831470e+00   1.007136e+03   1.237504e+02
  2.834230e+00   1.186175e+03   1.262228e+02
  2.836990e+00   9.189970e+02   1.223257e+02
  2.839750e+00   8.314930e+02   1.234072e+02
  2.842510e+00   9.301470e+02   1.246266e+02
  2.845270e+00   7.337240e+02   1.237591e+02
  2.848030e+00   1.026317e+03   1.278634e+02
  2.850790e+00   8.527120e+02   1.251935e+02
  2.853550e+00   9.004400e+02   1.276190e+02
  2.856310e+00   9.756860e+02   1.243200e+02
  2.859070e+00   8.367380e+02   1.224086e+02
  2.861830e+00   8.573450e+02   1.215008e+02
  2.864590e+00   1.015132e+03   1.210601e+02
  2.867350e+00   1.117493e+03   1.228322e+02
  2.870110e+00   7.586500e+02   1.179952e+02
  2.872870e+00   8.155280e+02   1.182434e+02
  2.875630e+00   8.737800e+02   1.183024e+02
  2.878390e+00   9.038990e+02   1.191830e+02
  2.881150e+00   9.378040e+02   1.201300e+02
  2.883910e+00   9.046220e+02   1.182112e+02
  2.886670e+00   1.124458e+03   1.193431e+02
  2.889430e+00   8.013630e+02   1.171002e+02
  2.892190e+00   9.124370e+02   1.178384e+02
  2.894950e+00   6.418260e+02   1.156214e+02
  2.897710e+00   8.465120e+02   1.160002e+02
  2.900470e+00   1.142867e+03   1.200455e+02
  2.903220e+00   1.034131e+03   1.180562e+02
  2.905980e+00   9.243610e+02   1.172177e+02
  2.908740e+00   8.600340e+02   1.157998e+02
  2.911500e+00   1.089260e+03   1.177011e+02
  2.914260e+00   7.902210e+02   1.155139e+02
  2.917020e+00   9.950920e+02   1.163728e+02
  2.919780e+00   1.127484e+03   1.183675e+02
  2.922540e+00   8.577540e+02   1.150923e+02
  2.925300e+00   8.299090e+02   1.156217e+02
  2.928060e+00   8.735810e+02   1.163093e+02
  2.930820e+00   1.091033e+03   1.170780e+02
  2.933580e+00   7.747420e+02   1.144158e+02
  2.936340e+00   8.892250e+02   1.156539e+02
  2.939100e+00   1.080732e+03   1.173076e+02
  2.941860e+00   8.718670e+02   1.146422e+02
  2.944620e+00   8.970440e+02   1.144592e+02
  2.947380e+00   9.547830e+02   1.162281e+02
  2.950140e+00   9.845680e+02   1.157898e+02
  2.952900e+00   1.059666e+03   1.168902e+02
  2.955660e+00   1.054183e+03   1.158153e+02
  2.958420e+00   7.330140e+02   1.133971e+02
  2.961180e+00   9.231990e+02   1.156312e+02
  2.963940e+00   9.728250e+02   1.153409e+02
  2.966700e+00   7.337300e+02   1.133384e+02
  2.969460e+00   8.436370e+02   1.137759e+02
  2.972220e+00   8.669890e+02   1.152638e+02
  2.974980e+00   8.197440e+02   1.146395e+02
  2.977730e+00   8.640970e+02   1.140898e+02
  2.980490e+00   9.700540e+02   1.150776e+02
  2.983250e+00   9.469660e+02   1.146811e+02
  2.986010e+00   1.083080e+03   1.169555e+02
  2.988770e+00   1.113651e+03   1.172588e+02
  2.991530e+00   9.067250e+02   1.150351e+02
  2.994290e+00   1.049549e+03   1.169212e+02
  2.997050e+00   8.105580e+02   1.137623e+02
  2.999810e+00   6.799320e+02   1.132431e+02
  3.002570e+00   7.591600e+02   1.127476e+02
  3.005330e+00   7.937240e+02   1.140547e+02
  3.008090e+00   9.385530e+02   1.150304e+02
  3.010850e+00   9.556760e+02   1.148101e+02
  3.013610e+00   8.052120e+02   1.142227e+02
  3.016370e+00   8.767460e+02   1.141280e+02
  3.019130e+00   9.120740e+02   1.153540e+02
  3.021890e+00   8.294020e+02   1.144768e+02
  3.024650e+00   8.345620e+02   1.136061e+02
  3.027410e+00   9.840850e+02   1.157570e+02
  3.030170e+00   1.086631e+03   1.162052e+02
  3.032930e+00   8.055950e+02   1.138501e+02
  3.035690e+00   9.462610e+02   1.150195e+02
  3.038450e+00   9.454710e+02   1.151430e+02
  3.041210e+00   1.012211e+03   1.162930e+02
  3.043970e+00   8.026470e+02   1.133454e+02
  3.046730e+00   9.384770e+02   1.146043e+02
  3.049490e+00   1.020018e+03   1.154164e+02
  3.052240e+00   6.806990e+02   1.128869e+02
  3.055000e+00   8.245770e+02   1.140762e+02
  3.057760e+00   7.763660e+02   1.128447e+02
  3.060520e+00   8.366990e+02   1.142664e+02
  3.063280e+00   8.914440e+02   1.139647e+02
  3.066040e+00   1.087338e+03   1.160065e+02
  3.068800e+00   9.354910e+02   1.149711e+02
  3.071560e+00   8.705710e+02   1.136668e+02
  3.074320e+00   9.554210e+02   1.151513e+02
  3.077080e+00   1.010502e+03   1.150490e+02
  3.079840e+00   1.101328e+03   1.169429e+02
  3.082600e+00   8.776430e+02   1.134104e+02
  3.085360e+00   8.960240e+02   1.147600e+02
  3.088120e+00   9.543220e+02   1.159369e+02
  3.090880e+00   8.704480e+02   1.136872e+02
  3.093640e+00   9.476940e+02   1.156366e+02
  3.096400e+00   8.060720e+02   1.126827e+02
  3.099160e+00   7.272060e+02   1.134988e+02
  3.101920e+00   7.273220e+02   1.127130e+02
  3.104680e+00   9.418090e+02   1.154743e+02
  3.107440e+00   7.886910e+02   1.132756e+02
  3.110200e+00   8.994040e+02   1.136692e+02
  3.112960e+00   1.059219e+03   1.167214e+02
  3.115720e+00   6.820420e+02   1.117584e+02
  3.118480e+00   8.902420e+02   1.143084e+02
  3.121240e+00   1.010808e+03   1.155060e+02
  3.124000e+00   1.046357e+03   1.151586e+02
  3.126760e+00   9.256640e+02   1.149980e+02
  3.129510e+00   1.007530e+03   1.152992e+02
  3.132270e+00   9.450680e+02   1.151165e+02
  3.135030e+00   8.637640e+02   1.139899e+02
  3.137790e+00   8.642640e+02   1.144770e+02
  3.140550e+00   1.143592e+03   1.166375e+02
  3.143310e+00   1.034787e+03   1.156508e+02
  3.146070e+00   8.652400e+02   1.142002e+02
  3.148830e+00   9.730920e+02   1.149664e+02
  3.151590e+00   8.843560e+02   1.139921e+02
  3.154350e+00   9.346060e+02   1.146589e+02
  3.157110e+00   8.745930e+02   1.137815e+02
  3.159870e+00   9.055520e+02   1.142513e+02
  3.162630e+00   8.958980e+02   1.136527e+02
  3.165390e+00   1.022690e+03   1.147875e+02
  3.168150e+00   7.408750e+02   1.129044e+02
  3.170910e+00   7.724060e+02   1.128966e+02
  3.173670e+00   8.532600e+02   1.141034e+02
  3.176430e+00   1.051324e+03   1.157835e+02
  3.179190e+00   1.096023e+03   1.151522e+02
  3.181950e+00   8.951420e+02   1.141219e+02
  3.184710e+00   9.239690e+02   1.134655e+02
  3.187470e+00   9.984480e+02   1.140694e+02
  3.190230e+00   8.118310e+02   1.137893e+02
  3.192990e+00   7.759560e+02   1.126327e+02
  3.195750e+00   8.511250e+02   1.131621e+02
  3.198510e+00   8.087690e+02   1.124040e+02
  3.201270e+00   8.791770e+02   1.129109e+02
  3.204020e+00   7.725270e+02   1.119897e+02
  3.206780e+00   8.640740e+02   1.131946e+02
  3.209540e+00   8.792110e+02   1.136684e+02
  3.212300e+00   1.105020e+03   1.148413e+02
  3.215060e+00   9.580420e+02   1.140529e+02
  3.217820e+00   1.098595e+03   1.149735e+02
  3.220580e+00   8.434210e+02   1.135270e+02
  3.223340e+00   7.186140e+02   1.123957e+02
  3.226100e+00   9.819840e+02   1.139079e+02
  3.228860e+00   1.003040e+03   1.145684e+02
  3.231620e+00   1.126841e+03   1.156293e+02
  3.234380e+00   7.075440e+02   1.116881e+02
  3.237140e+00   8.522910e+02   1.137977e+02
  3.239900e+00   8.022800e+02   1.128812e+02
  3.242660e+00   6.899310e+02   1.112431e+02
  3.245420e+00   6.918220e+02   1.113875e+02
  3.248180e+00   7.927550e+02   1.117699e+02
  3.250940e+00   9.259210e+02   1.138316e+02
  3.253700e+00   6.426420e+02   1.114085e+02
  3.256460e+00   9.939130e+02   1.147579e+02
  3.259220e+00   8.591270e+02   1.132458e+02
  3.261980e+00   1.089730e+03   1.145539e+02
  3.264740e+00   8.944600e+02   1.141598e+02
  3.267500e+00   8.396160e+02   1.132746e+02
  3.270260e+00   8.399530e+02   1.129481e+02
  3.273020e+00   8.028520e+02   1.130824e+02
  3.275780e+00   8.353000e+02   1.129684e+02
  3.278530e+00   8.942070e+02   1.136596e+02
  3.281290e+00   8.224110e+02   1.121861e+02
  3.284050e+00   7.325350e+02   1.110660e+02
  3.286810e+00   6.997590e+02   1.118401e+02
  3.289570e+00   9.849060e+02   1.147937e+02
  3.292330e+00   8.986880e+02   1.137190e+02
  3.295090e+00   9.041190e+02   1.139039e+02
  3.297850e+00   7.679790e+02   1.125708e+02
  3.300610e+00   7.100110e+02   1.120955e+02
  3.303370e+00   9.493690e+02   1.142737e+02
  3.306130e+00   8.182400e+02   1.125428e+02
  3.308890e+00   7.199470e+02   1.119352e+02
  3.311650e+00   7.376840e+02   1.124058e+02
  3.314410e+00   1.013203e+03   1.145645e+02
  3.317170e+00   9.588490e+02   1.136487e+02
  3.319930e+00   7.733430e+02   1.123094e+02
  3.322690e+00   7.951920e+02   1.131001e+02
  3.325450e+00   1.048206e+03   1.149196e+02
  3.328210e+00   8.814200e+02   1.140902e+02
  3.330970e+00   7.949280e+02   1.120097e+02
  3.333730e+00   8.487380e+02   1.136795e+02
  3.336490e+00   1.112101e+03   1.158173e+02
  3.339250e+00   9.099120e+02   1.139315e+02
  3.342010e+00   1.042081e+03   1.147498e+02
  3.344770e+00   8.701230e+02   1.135727e+02
  3.347530e+00   7.234610e+02   1.120303e+02
  3.350290e+00   7.624750e+02   1.119981e+02
  3.353040e+00   9.346360e+02   1.139211e+02
  3.355800e+00   5.504900e+02   1.108993e+02
  3.358560e+00   9.835650e+02   1.148055e+02
  3.361320e+00   8.241450e+02   1.132903e+02
  3.364080e+00   7.921900e+02   1.118952e+02
  3.366840e+00   7.850420e+02   1.116606e+02
  3.369600e+00   8.578200e+02   1.130102e+02
  3.372360e+00   6.278120e+02   1.114180e+02
  3.375120e+00   8.399860e+02   1.123381e+02
  3.377880e+00   8.011460e+02   1.122353e+02
  3.380640e+00   8.318770e+02   1.124617e+02
  3.383400e+00   8.116040e+02   1.113577e+02
  3.386160e+00   7.933650e+02   1.120495e+02
  3.388920e+00   8.358020e+02   1.116294e+02
  3.391680e+00   7.603950e+02   1.121747e+02
  3.394440e+00   8.480740e+02   1.157872e+02
  3.397200e+00   8.865810e+02   1.181094e+02
  3.399960e+00   7.181640e+02   1.171816e+02
  3.402720e+00   9.340260e+02   1.207988e+02
  3.405480e+00   8.136340e+02   1.206119e+02
  3.408240e+00   1.027494e+03   1.237203e+02
  3.411000e+00   8.025430e+02   1.222910e+02
  3.413760e+00   8.953830e+02   1.238723e+02
  3.416520e+00   9.693980e+02   1.258780e+02
  3.419280e+00   8.428000e+02   1.258478e+02
  3.422040e+00   7.361250e+02   1.253022e+02
  3.424800e+00   7.739600e+02   1.267616e+02
  3.427550e+00   7.929500e+02   1.274125e+02
  3.430310e+00   6.608210e+02   1.269498e+02
  3.433070e+00   8.520230e+02   1.288149e+02
  3.435830e+00   8.235610e+02   1.288867e+02
  3.438590e+00   9.234880e+02   1.315553e+02
  3.441350e+00   7.441420e+02   1.263865e+02
  3.444110e+00   6.832180e+02   1.230727e+02
  3.446870e+00   4.503910e+02   1.193666e+02
  3.449630e+00   7.508020e+02   1.232462e+02
  3.452390e+00   8.630020e+02   1.221382e+02
  3.455150e+00   8.445840e+02   1.219232e+02
  3.457910e+00   8.357940e+02   1.209655e+02
  3.460670e+00   8.697950e+02   1.203164e+02
  3.463430e+00   8.461460e+02   1.210576e+02
  3.466190e+00   7.220430e+02   1.190925e+02
  3.468950e+00   9.262630e+02   1.207764e+02
  3.471710e+00   8.106350e+02   1.196972e+02
  3.474470e+00   7.846050e+02   1.196254e+02
  3.477230e+00   6.744100e+02   1.179076e+02
  3.479990e+00   7.611630e+02   1.184963e+02
  3.482750e+00   6.385310e+02   1.175723e+02
  3.485510e+00   6.194020e+02   1.176686e+02
  3.488270e+00   7.457790e+02   1.181672e+02
  3.491030e+00   8.804660e+02   1.193855e+02
  3.493790e+00   6.777820e+02   1.173852e+02
  3.496550e+00   7.958350e+02   1.188432e+02
  3.499310e+00   5.728050e+02   1.164075e+02
  3.502060e+00   5.606010e+02   1.155998e+02
  3.504820e+00   7.828110e+02   1.181526e+02
  3.507580e+00   9.062490e+02   1.185584e+02
  3.510340e+00   7.971150e+02   1.176759e+02
  3.513100e+00   7.147760e+02   1.170790e+02
  3.515860e+00   8.016770e+02   1.171668e+02
  3.518620e+00   8.561750e+02   1.176833e+02
  3.521380e+00   6.664530e+02   1.166603e+02
  3.524140e+00   7.326450e+02   1.170605e+02
  3.526900e+00   7.782690e+02   1.169098e+02
  3.529660e+00   8.249540e+02   1.173351e+02
  3.532420e+00   8.416970e+02   1.184073e+02
  3.535180e+00   8.852390e+02   1.184319e+02
  3.537940e+00   8.232210e+02   1.169981e+02
  3.540700e+00   9.804690e+02   1.184197e+02
  3.543460e+00   8.542770e+02   1.175536e+02
  3.546220e+00   9.001750e+02   1.180988e+02
  3.548980e+00   7.722390e+02   1.161261e+02
  3.551740e+00   7.214320e+02   1.157808e+02
  3.554500e+00   6.697950e+02   1.153944e+02
  3.557260e+00   6.169390e+02   1.155167e+02
  3.560020e+00   6.843350e+02   1.168423e+02
  3.562780e+00   6.286610e+02   1.149893e+02
  3.565540e+00   7.292880e+02   1.157673e+02
  3.568300e+00   6.438740e+02   1.156882e+02
  3.571060e+00   6.912150e+02   1.160172e+02
  3.573820e+00   7.475390e+02   1.161004e+02
  3.576580e+00   6.471160e+02   1.149540e+02
  3.579330e+00   7.978460e+02   1.171607e+02
  3.582090e+00   6.727940e+02   1.163558e+02
  3.584850e+00   7.905710e+02   1.166769e+02
  3.587610e+00   5.514920e+02   1.136862e+02
  3.590370e+00   5.997770e+02   1.150975e+02
  3.593130e+00   7.813000e+02   1.166378e+02
  3.595890e+00   6.002390e+02   1.142333e+02
  3.598650e+00   7.194690e+02   1.151369e+02
  3.601410e+00   7.865710e+02   1.164028e+02
  3.604170e+00   7.342800e+02   1.163799e+02
  3.606930e+00   7.445220e+02   1.158932e+02
  3.609690e+00   6.530700e+02   1.141543e+02
  3.612450e+00   7.919210e+02   1.151947e+02
  3.615210e+00   7.873900e+02   1.163880e+02
  3.617970e+00   6.520260e+02   1.140288e+02
  3.620730e+00   7.677500e+02   1.154011e+02
  3.623490e+00   7.549720e+02   1.148523e+02
  3.626250e+00   7.159080e+02   1.147212e+02
  3.629010e+00   7.286190e+02   1.150804e+02
  3.631770e+00   8.390340e+02   1.157341e+02
  3.634530e+00   7.681240e+02   1.141182e+02
  3.637290e+00   7.589870e+02   1.142807e+02
  3.640050e+00   8.376470e+02   1.163234e+02
  3.642810e+00   8.554880e+02   1.158574e+02
  3.645570e+00   5.659960e+02   1.127605e+02
  3.648330e+00   6.151650e+02   1.134381e+02
  3.651090e+00   6.695170e+02   1.143086e+02
  3.653840e+00   6.782010e+02   1.146224e+02
  3.656600e+00   7.739390e+02   1.141248e+02
  3.659360e+00   6.681400e+02   1.145294e+02
  3.662120e+00   7.852620e+02   1.155465e+02
  3.664880e+00   6.598530e+02   1.142890e+02
  3.667640e+00   7.516900e+02   1.149545e+02
  3.670400e+00   6.420110e+02   1.129696e+02
  3.673160e+00   5.805380e+02   1.131151e+02
  3.675920e+00   7.049000e+02   1.140555e+02
  3.678680e+00   6.569330e+02   1.139330e+02
  3.681440e+00   7.400580e+02   1.148424e+02
  3.684200e+00   5.554070e+02   1.128627e+02
  3.686960e+00   6.352190e+02   1.139539e+02
  3.689720e+00   9.138340e+02   1.161053e+02
  3.692480e+00   7.331330e+02   1.136206e+02
  3.695240e+00   7.774370e+02   1.144379e+02
  3.698000e+00   7.151890e+02   1.145680e+02
  3.700760e+00   6.536640e+02   1.139422e+02
  3.703520e+00   8.030790e+02   1.145577e+02
  3.706280e+00   9.210110e+02   1.155980e+02
  3.709040e+00   6.846570e+02   1.138979e+02
  3.711800e+00   6.597080e+02   1.138786e+02
  3.714560e+00   7.219910e+02   1.144010e+02
  3.717320e+00   6.527780e+02   1.131046e+02
  3.720080e+00   5.870920e+02   1.130123e+02
  3.722840e+00   7.032630e+02   1.140282e+02
  3.725600e+00   7.589970e+02   1.147864e+02
  3.728350e+00   7.725060e+02   1.150357e+02
  3.731110e+00   7.628270e+02   1.150567e+02
  3.733870e+00   5.738330e+02   1.139550e+02
  3.736630e+00   6.714710e+02   1.138920e+02
  3.739390e+00   5.995540e+02   1.125990e+02
  3.742150e+00   5.977030e+02   1.132767e+02
  3.744910e+00   5.440260e+02   1.128422e+02
  3.747670e+00   7.100780e+02   1.146183e+02
  3.750430e+00   4.729180e+02   1.113127e+02
  3.753190e+00   9.077230e+02   1.157560e+02
  3.755950e+00   8.458080e+02   1.157991e+02
  3.758710e+00   7.258320e+02   1.151365e+02
  3.761470e+00   8.648560e+02   1.157385e+02
  3.764230e+00   6.072600e+02   1.131758e+02
  3.766990e+00   6.455710e+02   1.138834e+02
  3.769750e+00   7.984090e+02   1.150780e+02
  3.772510e+00   6.947440e+02   1.132712e+02
  3.775270e+00   6.963980e+02   1.129300e+02
  3.778030e+00   6.924140e+02   1.143091e+02
  3.780790e+00   8.518070e+02   1.157992e+02
  3.783550e+00   6.966320e+02   1.131609e+02
  3.786310e+00   7.465050e+02   1.142743e+02
  3.789070e+00   8.784660e+02   1.150171e+02
  3.791830e+00   7.420610e+02   1.143107e+02
  3.794590e+00   6.637200e+02   1.131973e+02
  3.797350e+00   6.867670e+02   1.137731e+02
  3.800110e+00   6.395650e+02   1.134989e+02
  3.802860e+00   7.017010e+02   1.142184e+02
  3.805620e+00   5.732760e+02   1.123556e+02
  3.808380e+00   8.571280e+02   1.148797e+02
  3.811140e+00   7.573100e+02   1.145834e+02
  3.813900e+00   5.407870e+02   1.127494e+02
  3.816660e+00   8.289140e+02   1.149850e+02
  3.819420e+00   7.701140e+02   1.149556e+02
  3.822180e+00   6.105350e+02   1.138856e+02
  3.824940e+00   6.706280e+02   1.129658e+02
  3.827700e+00   7.001570e+02   1.142288e+02
  3.830460e+00   5.339850e+02   1.120650e+02
  3.833220e+00   6.511970e+02   1.131665e+02
  3.835980e+00   6.129850e+02   1.133198e+02
  3.838740e+00   6.334050e+02   1.138828e+02
  3.841500e+00   6.910170e+02   1.143463e+02
  3.844260e+00   8.057830e+02   1.142544e+02
  3.847020e+00   1.014713e+03   1.167101e+02
  3.849780e+00   5.101150e+02   1.130076e+02
  3.852540e+00   7.625060e+02   1.143458e+02
  3.855300e+00   6.674620e+02   1.133385e+02
  3.858060e+00   7.764220e+02   1.140321e+02
  3.860820e+00   6.708200e+02   1.133838e+02
  3.863580e+00   7.596230e+02   1.148780e+02
  3.866340e+00   7.251200e+02   1.142261e+02
  3.869100e+00   6.637410e+02   1.132425e+02
  3.871860e+00   9.819950e+02   1.159865e+02
  3.874620e+00   7.305250e+02   1.136198e+02
  3.877370e+00   7.206700e+02   1.130760e+02
  3.880130e+00   7.769370e+02   1.135924e+02
  3.882890e+00   6.776390e+02   1.132752e+02
  3.885650e+00   8.352390e+02   1.147325e+02
  3.888410e+00   6.475760e+02   1.132105e+02
  3.891170e+00   7.619500e+02   1.133458e+02
  3.893930e+00   7.760620e+02   1.135389e+02
  3.896690e+00   9.207670e+02   1.154072e+02
  3.899450e+00   7.264550e+02   1.126611e+02
  3.902210e+00   6.586760e+02   1.119263e+02
  3.904970e+00   8.628200e+02   1.139342e+02
  3.907730e+00   6.852110e+02   1.128703e+02
  3.910490e+00   7.360180e+02   1.131746e+02
  3.913250e+00   6.973090e+02   1.126442e+02
  3.916010e+00   8.293100e+02   1.133097e+02
  3.918770e+00   9.309780e+02   1.151455e+02
  3.921530e+00   4.401760e+02   1.103881e+02
  3.924290e+00   5.686920e+02   1.117169e+02
  3.927050e+00   6.876460e+02   1.122716e+02
  3.929810e+00   6.278990e+02   1.114172e+02
  3.932570e+00   7.156070e+02   1.130705e+02
  3.935330e+00   7.021020e+02   1.123311e+02
  3.938090e+00   5.350720e+02   1.105845e+02
  3.940850e+00   1.035202e+03   1.162962e+02
  3.943610e+00   8.595990e+02   1.138519e+02
  3.946370e+00   8.808590e+02   1.140242e+02
  3.949130e+00   6.354400e+02   1.116682e+02
  3.951880e+00   8.142280e+02   1.138655e+02
  3.954640e+00   6.688480e+02   1.127169e+02
  3.957400e+00   6.609830e+02   1.126503e+02
  3.960160e+00   6.701870e+02   1.120066e+02
  3.962920e+00   7.457550e+02   1.127789e+02
  3.965680e+00   5.977380e+02   1.116350e+02
  3.968440e+00   6.825930e+02   1.131932e+02
  3.971200e+00   8.623450e+02   1.135335e+02
  3.973960e+00   7.401750e+02   1.132223e+02
  3.976720e+00   7.915940e+02   1.136888e+02
  3.979480e+00   6.752810e+02   1.169896e+02
  3.982240e+00   6.753570e+02   1.190075e+02
  3.985000e+00   7.841050e+02   1.208923e+02
  3.987760e+00   8.412580e+02   1.222817e+02
  3.990520e+00   6.174110e+02   1.221273e+02
  3.993280e+00   9.109770e+02   1.261632e+02
  3.996040e+00   7.500580e+02   1.255735e+02
  3.998800e+00   8.335920e+02   1.271451e+02
  4.001560e+00   8.796000e+02   1.289827e+02
  4.004320e+00   8.161770e+02   1.302785e+02
  4.007080e+00   7.604750e+02   1.291556e+02
  4.009840e+00   7.769270e+02   1.305871e+02
  4.012600e+00   6.843160e+02   1.305343e+02
  4.015360e+00   7.007040e+02   1.314624e+02
  4.018120e+00   7.087200e+02   1.316335e+02
  4.020880e+00   9.770610e+02   1.353637e+02
  4.023640e+00   8.372160e+02   1.362743e+02
  4.026400e+00   8.616700e+02   1.307199e+02
  4.029150e+00   8.714410e+02   1.292670e+02
  4.031910e+00   7.336650e+02   1.259379e+02
  4.034670e+00   7.950400e+02   1.266502e+02
  4.037430e+00   7.141480e+02   1.244805e+02
  4.040190e+00   8.163420e+02   1.254246e+02
  4.042950e+00   7.323190e+02   1.225689e+02
  4.045710e+00   7.917850e+02   1.236344e+02
  4.048470e+00   6.742870e+02   1.216288e+02
  4.051230e+00   7.783850e+02   1.232481e+02
  4.053990e+00   6.723130e+02   1.215785e+02
  4.056750e+00   6.326990e+02   1.211044e+02
  4.059510e+00   6.615250e+02   1.211735e+02
  4.062270e+00   8.155780e+02   1.220018e+02
  4.065030e+00   8.133580e+02   1.209641e+02
  4.067790e+00   6.235410e+02   1.191754e+02
  4.070550e+00   7.396400e+02   1.203608e+02
  4.073310e+00   8.720000e+02   1.222050e+02
  4.076070e+00   6.642430e+02   1.191639e+02
  4.078830e+00   6.685240e+02   1.183135e+02
  4.081590e+00   9.314810e+02   1.207239e+02
  4.084350e+00   6.768280e+02   1.186900e+02
  4.087110e+00   5.922560e+02   1.171032e+02
  4.089870e+00   8.509520e+02   1.192631e+02
  4.092630e+00   7.694950e+02   1.189356e+02
  4.095390e+00   6.811130e+02   1.181693e+02
  4.098150e+00   8.314380e+02   1.182669e+02
  4.100910e+00   7.684060e+02   1.172259e+02
  4.103660e+00   6.073780e+02   1.163410e+02
  4.106420e+00   6.442570e+02   1.169500e+02
  4.109180e+00   9.847170e+02   1.202162e+02
  4.111940e+00   7.822730e+02   1.172113e+02
  4.114700e+00   8.687810e+02   1.182006e+02
  4.117460e+00   6.717560e+02   1.169214e+02
  4.120220e+00   7.803880e+02   1.181083e+02
  4.122980e+00   9.969010e+02   1.202206e+02
  4.125740e+00   7.594360e+02   1.171958e+02
  4.128500e+00   9.713780e+02   1.196475e+02
  4.131260e+00   7.489450e+02   1.174814e+02
  4.134020e+00   8.525200e+02   1.179941e+02
  4.136780e+00   5.691630e+02   1.153769e+02
  4.139540e+00   9.358200e+02   1.185574e+02
  4.142300e+00   7.599130e+02   1.179705e+02
  4.145060e+00   6.171720e+02   1.162052e+02
  4.147820e+00   9.159730e+02   1.182844e+02
  4.150580e+00   7.953810e+02   1.166233e+02
  4.153340e+00   8.826660e+02   1.179411e+02
  4.156100e+00   7.121530e+02   1.168320e+02
  4.158860e+00   8.159040e+02   1.175854e+02
  4.161620e+00   8.263010e+02   1.174465e+02
  4.164380e+00   6.247100e+02   1.159568e+02
  4.167140e+00   7.818840e+02   1.174866e+02
  4.169900e+00   5.457090e+02   1.140808e+02
  4.172660e+00   6.934100e+02   1.161528e+02
  4.175420e+00   7.514760e+02   1.168987e+02
  4.178170e+00   8.204720e+02   1.172431e+02
  4.180930e+00   6.817080e+02   1.158448e+02
  4.183690e+00   6.007830e+02   1.143376e+02
  4.186450e+00   9.293460e+02   1.180192e+02
  4.189210e+00   7.800000e+02   1.169652e+02
  4.191970e+00   6.497960e+02   1.155867e+02
  4.194730e+00   7.158640e+02   1.165744e+02
  4.197490e+00   6.577610e+02   1.154259e+02
  4.200250e+00   9.070370e+02   1.175390e+02
  4.203010e+00   7.241780e+02   1.166303e+02
  4.205770e+00   8.050460e+02   1.164664e+02
  4.208530e+00   8.126040e+02   1.162896e+02
  4.211290e+00   7.034840e+02   1.159478e+02
  4.214050e+00   7.377990e+02   1.167066e+02
  4.216810e+00   9.332870e+02   1.173401e+02
  4.219570e+00   8.416700e+02   1.173481e+02
  4.222330e+00   7.601890e+02   1.164211e+02
  4.225090e+00   6.590280e+02   1.154709e+02
  4.227850e+00   8.634730e+02   1.173462e+02
  4.230610e+00   7.965310e+02   1.167367e+02
  4.233370e+00   8.551590e+02   1.176105e+02
  4.236130e+00   8.552330e+02   1.170139e+02
  4.238890e+00   5.812340e+02   1.141509e+02
  4.241650e+00   6.237750e+02   1.141350e+02
  4.244410e+00   5.640510e+02   1.146798e+02
  4.247170e+00   6.737870e+02   1.154067e+02
  4.249930e+00   7.968580e+02   1.164299e+02
  4.252680e+00   8.360650e+02   1.162493e+02
  4.255440e+00   6.698080e+02   1.154368e+02
  4.258200e+00   7.082340e+02   1.161299e+02
  4.260960e+00   6.918740e+02   1.147691e+02
  4.263720e+00   8.293350e+02   1.163389e+02
  4.266480e+00   5.211300e+02   1.132704e+02
  4.269240e+00   6.356590e+02   1.147819e+02
  4.272000e+00   5.268840e+02   1.142696e+02
  4.274760e+00   9.293790e+02   1.174167e+02
  4.277520e+00   7.438930e+02   1.155628e+02
  4.280280e+00   7.169100e+02   1.154989e+02
  4.283040e+00   6.974500e+02   1.157333e+02
  4.285800e+00   6.101800e+02   1.135733e+02
  4.288560e+00   7.753200e+02   1.163402e+02
  4.291320e+00   8.068570e+02   1.163140e+02
  4.294080e+00   6.375260e+02   1.140817e+02
  4.296840e+00   8.626680e+02   1.170789e+02
  4.299600e+00   8.081270e+02   1.152102e+02
  4.302360e+00   7.869200e+02   1.160333e+02
  4.305120e+00   7.949240e+02   1.156807e+02
  4.307880e+00   8.983250e+02   1.176294e+02
  4.310640e+00   6.267180e+02   1.139061e+02
  4.313400e+00   7.753170e+02   1.158474e+02
  4.316160e+00   8.459480e+02   1.164902e+02
  4.318920e+00   8.118750e+02   1.163360e+02
  4.321680e+00   1.011204e+03   1.180900e+02
  4.324440e+00   4.947130e+02   1.126495e+02
  4.327190e+00   9.017780e+02   1.164878e+02
  4.329950e+00   8.355340e+02   1.157692e+02
  4.332710e+00   7.859010e+02   1.154790e+02
  4.335470e+00   6.577120e+02   1.140147e+02
  4.338230e+00   6.630750e+02   1.145467e+02
  4.340990e+00   5.123950e+02   1.123741e+02
  4.343750e+00   7.317110e+02   1.148226e+02
  4.346510e+00   7.889630e+02   1.155513e+02
  4.349270e+00   7.308680e+02   1.152182e+02
  4.352030e+00   8.574340e+02   1.163019e+02
  4.354790e+00   8.100520e+02   1.160941e+02
  4.357550e+00   8.064970e+02   1.157530e+02
  4.360310e+00   5.775480e+02   1.136812e+02
  4.363070e+00   6.215320e+02   1.145709e+02
  4.365830e+00   9.161650e+02   1.167684e+02
  4.368590e+00   6.295960e+02   1.133838e+02
  4.371350e+00   8.129590e+02   1.154496e+02
  4.374110e+00   7.846040e+02   1.153920e+02
  4.376870e+00   8.806990e+02   1.167256e+02
  4.379630e+00   7.210020e+02   1.148751e+02
  4.382390e+00   7.535110e+02   1.147929e+02
  4.385150e+00   7.868400e+02   1.156690e+02
  4.387910e+00   7.794220e+02   1.147309e+02
  4.390670e+00   9.136380e+02   1.159868e+02
  4.393430e+00   6.615040e+02   1.140146e+02
  4.396190e+00   8.319170e+02   1.156067e+02
  4.398950e+00   8.067530e+02   1.153957e+02
  4.401700e+00   8.137110e+02   1.152441e+02
  4.404460e+00   6.829790e+02   1.132674e+02
  4.407220e+00   7.995010e+02   1.145105e+02
  4.409980e+00   6.402390e+02   1.129066e+02
  4.412740e+00   7.531010e+02   1.139572e+02
  4.415500e+00   7.294180e+02   1.134761e+02
  4.418260e+00   7.303160e+02   1.131268e+02
  4.421020e+00   8.300030e+02   1.148310e+02
  4.423780e+00   6.413650e+02   1.127536e+02
  4.426540e+00   6.219770e+02   1.122251e+02
  4.429300e+00   7.003620e+02   1.129270e+02
  4.432060e+00   7.026910e+02   1.136739e+02
  4.434820e+00   8.159970e+02   1.139466e+02
  4.437580e+00   7.418890e+02   1.127850e+02
  4.440340e+00   7.452970e+02   1.131441e+02
  4.443100e+00   6.485080e+02   1.125100e+02
  4.445860e+00   8.064550e+02   1.144358e+02
  4.448620e+00   8.309250e+02   1.139408e+02
  4.451380e+00   7.278790e+02   1.124630e+02
  4.454140e+00   8.085520e+02   1.136517e+02
  4.456900e+00   7.650140e+02   1.137687e+02
  4.459660e+00   6.395330e+02   1.122560e+02
  4.462420e+00   6.832510e+02   1.133178e+02
  4.465180e+00   6.377210e+02   1.125314e+02
  4.467940e+00   6.282110e+02   1.119420e+02
  4.470700e+00   8.647420e+02   1.142264e+02
  4.473460e+00   7.674100e+02   1.135327e+02
  4.476220e+00   8.245940e+02   1.138198e+02
  4.478970e+00   6.706360e+02   1.129718e+02
  4.481730e+00   7.690140e+02   1.133772e+02
  4.484490e+00   6.008300e+02   1.123615e+02
  4.487250e+00   7.068250e+02   1.133204e+02
  4.490010e+00   7.832760e+02   1.131886e+02
  4.492770e+00   8.439270e+02   1.147911e+02
  4.495530e+00   7.274040e+02   1.135675e+02
  4.498290e+00   6.736410e+02   1.128305e+02
  4.501050e+00   7.033670e+02   1.138378e+02
  4.503810e+00   7.878360e+02   1.140019e+02
  4.506570e+00   6.775350e+02   1.128448e+02
  4.509330e+00   7.791490e+02   1.132099e+02
  4.512090e+00   6.499030e+02   1.125551e+02
  4.514850e+00   8.028630e+02   1.143448e+02
  4.517610e+00   6.694670e+02   1.130868e+02
  4.520370e+00   7.538140e+02   1.127149e+02
  4.523130e+00   8.924520e+02   1.145692e+02
  4.525890e+00   7.620850e+02   1.129911e+02
  4.528650e+00   5.967220e+02   1.117694e+02
  4.531410e+00   6.568600e+02   1.126381e+02
  4.534170e+00   5.375190e+02   1.113281e+02
  4.536930e+00   6.715050e+02   1.127372e+02
  4.539690e+00   7.621580e+02   1.138945e+02
  4.542450e+00   6.984030e+02   1.134119e+02
  4.545210e+00   6.043900e+02   1.115900e+02
  4.547970e+00   9.463490e+02   1.152143e+02
  4.550730e+00   8.152580e+02   1.143676e+02
  4.553480e+00   8.520640e+02   1.139942e+02
  4.556240e+00   7.773780e+02   1.131166e+02
  4.559000e+00   6.887120e+02   1.135861e+02
  4.561760e+00   8.672530e+02   1.149686e+02
  4.564520e+00   7.203760e+02   1.179918e+02
  4.567280e+00   7.412030e+02   1.192557e+02
  4.570040e+00   7.340560e+02   1.209379e+02
  4.572800e+00   9.358390e+02   1.247128e+02
  4.575560e+00   7.380640e+02   1.237678e+02
  4.578320e+00   6.836450e+02   1.240789e+02
  4.581080e+00   9.211440e+02   1.279457e+02
  4.583840e+00   6.623610e+02   1.256553e+02
  4.586600e+00   1.035193e+03   1.314559e+02
  4.589360e+00   5.513240e+02   1.268324e+02
  4.592120e+00   8.545700e+02   1.302371e+02
  4.594880e+00   8.224550e+02   1.321163e+02
  4.597640e+00   7.810280e+02   1.318592e+02
  4.600400e+00   7.090190e+02   1.320991e+02
  4.603160e+00   7.751730e+02   1.334287e+02
  4.605920e+00   9.158720e+02   1.357000e+02
  4.608680e+00   7.253200e+02   1.362221e+02
  4.611440e+00   4.903890e+02   1.342302e+02
  4.614200e+00   6.079890e+02   1.354023e+02
  4.616960e+00   8.045270e+02   1.376218e+02
  4.619720e+00   7.921080e+02   1.396307e+02
  4.622480e+00   8.585100e+02   1.408735e+02
  4.625240e+00   5.137260e+02   1.366623e+02
  4.627990e+00   5.619860e+02   1.385789e+02
  4.630750e+00   7.716500e+02   1.432837e+02
  4.633510e+00   8.446270e+02   1.448863e+02
  4.636270e+00   5.727200e+02   1.426691e+02
  4.639030e+00   7.007260e+02   1.432395e+02
  4.641790e+00   9.845130e+02   1.480097e+02
  4.644550e+00   8.610820e+02   1.481441e+02
  4.647310e+00   8.432510e+02   1.492923e+02
  4.650070e+00   4.437090e+02   1.442702e+02
  4.652830e+00   7.236080e+02   1.482702e+02
  4.655590e+00   6.660290e+02   1.490089e+02
  4.658350e+00   8.684780e+02   1.518702e+02
  4.661110e+00   6.389500e+02   1.489689e+02
  4.663870e+00   7.856130e+02   1.532830e+02
  4.666630e+00   5.456730e+02   1.497126e+02
  4.669390e+00   6.635360e+02   1.537047e+02
  4.672150e+00   8.865270e+02   1.564636e+02
  4.674910e+00   8.978300e+02   1.580480e+02
  4.677670e+00   7.342210e+02   1.574467e+02
  4.680430e+00   7.477880e+02   1.580641e+02
  4.683190e+00   8.979480e+02   1.608301e+02
  4.685950e+00   7.571270e+02   1.609661e+02
  4.688710e+00   7.993030e+02   1.612912e+02
  4.691470e+00   5.778430e+02   1.597308e+02
  4.694230e+00   8.838360e+02   1.654968e+02
  4.696990e+00   9.551850e+02   1.664431e+02
  4.699750e+00   2.794470e+02   1.584411e+02
  4.702500e+00   5.440690e+02   1.638403e+02
  4.705260e+00   8.206350e+02   1.693928e+02
  4.708020e+00   4.196590e+02   1.633293e+02
  4.710780e+00   9.230080e+02   1.707584e+02
  4.713540e+00   3.900090e+02   1.651298e+02
  4.716300e+00   5.917600e+02   1.703834e+02
  4.719060e+00   1.218530e+03   1.778236e+02
  4.721820e+00   1.098851e+03   1.786356e+02
  4.724580e+00   7.756950e+02   1.763891e+02
  4.727340e+00   9.110190e+02   1.777771e+02
  4.730100e+00   7.416170e+02   1.763076e+02
  4.732860e+00   6.967830e+02   1.770518e+02
  4.735620e+00   1.066402e+03   1.856058e+02
  4.738380e+00   5.430120e+02   1.776969e+02
  4.741140e+00   9.035550e+02   1.842144e+02
  4.743900e+00   5.197840e+02   1.789419e+02
  4.746660e+00   8.585230e+02   1.865656e+02
  4.749420e+00   5.577340e+02   1.819251e+02
  4.752180e+00   8.385500e+02   1.902563e+02
  4.754940e+00   7.154020e+02   1.865533e+02
  4.757700e+00   6.157090e+02   1.875642e+02
  4.760460e+00   8.151520e+02   1.913972e+02
  4.763220e+00   7.659040e+02   1.919679e+02
  4.765980e+00   5.825380e+02   1.909009e+02
  4.768740e+00   7.437670e+02   1.936461e+02
  4.771500e+00   9.124970e+02   2.007609e+02
  4.774260e+00   1.041264e+03   2.034155e+02
  4.777010e+00   8.831700e+02   1.974498e+02
  4.779770e+00   6.286260e+02   1.977552e+02
  4.782530e+00   8.753690e+02   2.018312e+02
  4.785290e+00   6.675590e+02   2.034579e+02
  4.788050e+00   7.759570e+02   2.064711e+02
  4.790810e+00   9.473350e+02   2.096198e+02
  4.793570e+00   7.609530e+02   2.074196e+02
  4.796330e+00   7.542300e+02   2.098786e+02
  4.799090e+00   9.280060e+02   2.160008e+02
  4.801850e+00   1.022879e+03   2.164099e+02
  4.804610e+00   8.378150e+02   2.184794e+02
  4.807370e+00   8.064160e+02   2.192638e+02
  4.810130e+00   6.486310e+02   2.176923e+02
  4.812890e+00   9.122720e+02   2.191715e+02
  4.815650e+00   5.696070e+02   2.161192e+02
  4.818410e+00   9.708170e+02   2.290747e+02
  4.821170e+00   4.369480e+02   2.227146e+02
  4.823930e+00   6.302260e+02   2.245156e+02
  4.826690e+00   6.876910e+02   2.277244e+02
  4.829450e+00   7.087080e+02   2.338442e+02
  4.832210e+00   9.765920e+02   2.388182e+02
  4.834970e+00   5.927010e+02   2.331315e+02
  4.837730e+00   6.849770e+02   2.387995e+02
  4.840490e+00   1.024800e+03   2.466316e+02
  4.843250e+00   6.231090e+02   2.436464e+02
  4.846010e+00   8.453360e+02   2.488506e+02
  4.848770e+00   1.096154e+03   2.518880e+02
  4.851520e+00   9.844370e+02   2.575546e+02
  4.854280e+00   9.355820e+02   2.601909e+02
  4.857040e+00   7.019680e+02   2.561359e+02
  4.859800e+00   5.664440e+02   2.534642e+02
  4.862560e+00   7.402830e+02   2.608544e+02
  4.865320e+00   8.476940e+02   2.735180e+02
  4.868080e+00   7.880110e+02   2.716838e+02
  4.870840e+00   1.017137e+03   2.714870e+02
  4.873600e+00   9.319270e+02   2.785995e+02
  4.876360e+00   8.577290e+02   2.813562e+02
  4.879120e+00   8.800710e+02   2.902617e+02
  4.881880e+00   1.177149e+03   2.929475e+02
  4.884640e+00   1.311245e+03   3.012096e+02
  4.887400e+00   1.298600e+02   2.814544e+02
  4.890160e+00   6.123030e+02   2.967038e+02
  4.892920e+00   6.088510e+02   3.008800e+02
  4.895680e+00   1.291794e+03   3.172119e+02
  4.898440e+00   8.432920e+02   3.132439e+02
  4.901200e+00   5.657370e+02   3.133125e+02
  4.903960e+00   3.074490e+02   3.160689e+02
  4.906720e+00   1.209449e+03   3.242454e+02
  4.909480e+00   5.153970e+02   3.294340e+02
  4.912240e+00   6.145700e+02   3.334033e+02
  4.915000e+00   7.177090e+02   3.516392e+02
  4.917760e+00   7.997070e+02   3.415353e+02
  4.920520e+00   2.349440e+02   3.340007e+02
  4.923280e+00   9.332180e+02   3.631576e+02
  4.926040e+00   5.709850e+02   3.620365e+02
  4.928790e+00   1.022594e+03   3.646034e+02
  4.931550e+00   7.041930e+02   3.666636e+02
  4.934310e+00   4.906030e+02   3.739863e+02
  4.937070e+00   7.934470e+02   3.792782e+02
  4.939830e+00   6.169560e+02   3.738726e+02
  4.942590e+00   8.203180e+02   3.811937e+02
  4.945350e+00   7.388900e+01   3.638815e+02
  4.948110e+00   1.000901e+03   4.014376e+02
  4.950870e+00   5.959700e+02   4.020707e+02
  4.953630e+00   8.574220e+02   3.943468e+02
  4.956390e+00   5.666910e+02   3.947043e+02
  4.959150e+00   7.243570e+02   4.170445e+02
  4.961910e+00   1.040403e+03   4.383918e+02
  4.964670e+00   8.836210e+02   4.207166e+02
  4.967430e+00   8.943840e+02   4.314976e+02
  4.970190e+00   2.901890e+02   4.204331e+02
  4.972950e+00   2.897180e+02   4.412735e+02
  4.975710e+00   9.766700e+01   4.281648e+02
  4.978470e+00   1.405903e+03   4.891624e+02
  4.981230e+00   1.296956e+03   4.782052e+02
  4.983990e+00   1.103093e+03   4.908168e+02
  4.986750e+00   8.498740e+02   4.948789e+02
  4.989510e+00   1.338536e+03   4.999208e+02
  4.992270e+00   1.290881e+03   5.313463e+02
  4.995030e+00  -2.753300e+01   4.645042e+02
  4.997790e+00   5.332330e+02   5.056773e+02
  5.000550e+00   6.595870e+02   5.027327e+02
  5.003300e+00   1.275822e+03   5.430246e+02
  5.006060e+00   1.730891e+03   5.625557e+02
  5.008820e+00   1.370741e+03   5.822971e+02
  5.011580e+00   4.026110e+02   5.284990e+02
  5.014340e+00   1.179737e+03   5.838587e+02
  5.017100e+00   9.776860e+02   6.009945e+02
  5.019860e+00   6.014140e+02   5.832858e+02
  5.022620e+00   1.711361e+03   6.695504e+02
  5.025380e+00   1.513293e+03   6.654487e+02
  5.028140e+00   7.894420e+02   6.508229e+02
  5.030900e+00   6.656940e+02   6.641055e+02
  5.033660e+00   6.647660e+02   6.866775e+02
  5.036420e+00   1.496971e+03   7.072789e+02
  5.039180e+00   5.581670e+02   7.305339e+02
  5.041940e+00   1.434800e+03   8.066377e+02
  5.044700e+00   6.876440e+02   8.016063e+02
  5.047460e+00   6.132630e+02   7.802580e+02
  5.050220e+00   2.678187e+03   1.000314e+03
  5.052980e+00  -3.173660e+02   8.467915e+02
  5.055740e+00   3.461580e+02   9.525124e+02
  5.058500e+00   2.826590e+02   9.354402e+02
  5.061260e+00   1.332010e+03   1.089977e+03
  5.064020e+00   4.569400e+02   1.204383e+03
working-directory: /dataInt/p12/graewert/2017-09-15/BatchMode3
angular-axis-file: etc/radial-averaging/saxs-2/saxis_saxs2_20170822.dat
beamstop-mask-file: etc/radial-averaging/saxs-2/mask_saxs2_20170822.msk
detector-response-file: none
flatfield-file: none
beam-center-x: 667.1000
beam-center-y: 1652.2000
unit-time: 100.0000
channel-first: 7
channel-last: 1833
angular-unit: nanometer
PETRA Current: 100.37
Wavelength [nm]: 1.240
Bragg Angle [mrad]: 10.953
QBPM 1: 3.577e-7
Diode 2: 6.495e-8
Diode 1: 6.919e-11
SC Target Temperature: nan
SC Current Temperature: 21.1
SEU Target Temperature: nan
SEU Current Temperature: 20.5
Detector Position: 2
Run Number: 4
Partial Specific Volume [cm^3/g]: 0.732
Buffer: buffer
Exposure time [s]: 0.045
Concentration [mg/ml]: 24.50
Contrast [10^10cm^-2]: 2.953
Exposure Delay [s]: 0.000
Sample: BSA_pI
Code: BSA_pI_buffer
Exposure period [s]: 0.050
Transmitted Beam (mean): .3355
parent: analysis/processed/averaged/BSA_pI_buffer_0004_sample.dat
parent: analysis/processed/averaged/BSA_pI_buffer_0004_buffer.dat
creator: datop
creator-version: v0.4 (r9729)
datop-operation: analysis/processed/averaged/BSA_pI_buffer_0004_sample.dat SUB analysis/processed/averaged/BSA_pI_buffer_0004_buffer.dat
