Sample description: 
Sample:   c= 3.0500 mg/ml  Code: BSA_pI_buffer
Parent(s): analysis/processed/averaged/BSA_pI_buffer_0013_sample.dat analysis/processed/averaged/BSA_pI_buffer_0013_buffer.dat
  5.252500e-02  -4.791700e+05   3.327786e+03
  5.528470e-02  -3.737255e+05   2.950471e+03
  5.804430e-02  -2.755479e+05   2.568371e+03
  6.080390e-02  -2.203259e+05   2.318919e+03
  6.356360e-02  -1.655626e+05   2.066024e+03
  6.632320e-02  -1.380498e+05   1.974612e+03
  6.908280e-02  -1.028212e+05   1.775741e+03
  7.184250e-02  -8.183793e+04   1.642178e+03
  7.460210e-02  -6.085866e+04   1.589816e+03
  7.736170e-02  -4.513457e+04   1.466794e+03
  8.012140e-02  -3.217146e+04   1.433888e+03
  8.288100e-02  -1.986196e+04   1.400374e+03
  8.564060e-02  -1.197135e+04   1.372420e+03
  8.840030e-02  -7.160570e+03   1.342064e+03
  9.115990e-02  -2.580910e+03   1.249051e+03
  9.391950e-02   3.601780e+03   1.269412e+03
  9.667920e-02   9.999250e+03   1.257068e+03
  9.943880e-02   1.240422e+04   1.201307e+03
  1.021980e-01   1.424996e+04   1.185173e+03
  1.049580e-01   1.779745e+04   1.134202e+03
  1.077180e-01   1.859699e+04   1.141929e+03
  1.104770e-01   2.157310e+04   1.121010e+03
  1.132370e-01   2.188417e+04   1.060750e+03
  1.159970e-01   2.369857e+04   1.071848e+03
  1.187560e-01   2.560400e+04   1.030298e+03
  1.215160e-01   2.682103e+04   1.032560e+03
  1.242750e-01   2.856637e+04   1.048134e+03
  1.270350e-01   2.940381e+04   9.819186e+02
  1.297950e-01   2.900821e+04   1.003564e+03
  1.325540e-01   3.194866e+04   9.767265e+02
  1.353140e-01   3.099501e+04   9.699135e+02
  1.380740e-01   3.069822e+04   9.414306e+02
  1.408330e-01   3.173596e+04   9.243696e+02
  1.435930e-01   3.117419e+04   9.228686e+02
  1.463530e-01   3.117381e+04   8.980478e+02
  1.491120e-01   3.359266e+04   9.322599e+02
  1.518720e-01   3.165104e+04   8.856494e+02
  1.546310e-01   3.216810e+04   8.770593e+02
  1.573910e-01   3.295667e+04   8.717879e+02
  1.601510e-01   3.251739e+04   8.479657e+02
  1.629100e-01   3.431365e+04   8.689888e+02
  1.656700e-01   3.342711e+04   8.381283e+02
  1.684300e-01   3.265867e+04   8.293561e+02
  1.711890e-01   3.272369e+04   8.262239e+02
  1.739490e-01   3.560949e+04   8.227112e+02
  1.767080e-01   3.342076e+04   8.143332e+02
  1.794680e-01   3.382117e+04   7.938027e+02
  1.822280e-01   3.357497e+04   8.038681e+02
  1.849870e-01   3.337541e+04   7.734682e+02
  1.877470e-01   3.467587e+04   7.857388e+02
  1.905070e-01   3.317304e+04   7.747710e+02
  1.932660e-01   3.383438e+04   7.596274e+02
  1.960260e-01   3.348595e+04   7.671171e+02
  1.987860e-01   3.194715e+04   7.249708e+02
  2.015450e-01   3.436338e+04   7.567158e+02
  2.043050e-01   3.319810e+04   7.346956e+02
  2.070640e-01   3.287469e+04   7.246914e+02
  2.098240e-01   3.346999e+04   7.348167e+02
  2.125840e-01   3.500607e+04   7.290664e+02
  2.153430e-01   3.303852e+04   7.218328e+02
  2.181030e-01   3.378933e+04   7.160885e+02
  2.208630e-01   3.344138e+04   6.966292e+02
  2.236220e-01   3.184231e+04   6.963954e+02
  2.263820e-01   3.350977e+04   6.935506e+02
  2.291410e-01   3.353271e+04   7.000527e+02
  2.319010e-01   3.263431e+04   6.725400e+02
  2.346610e-01   3.270259e+04   6.741292e+02
  2.374200e-01   3.165879e+04   6.737524e+02
  2.401800e-01   3.251229e+04   6.662133e+02
  2.429400e-01   3.343946e+04   6.742578e+02
  2.456990e-01   3.166220e+04   6.480133e+02
  2.484590e-01   3.188733e+04   6.517413e+02
  2.512190e-01   3.205370e+04   6.524648e+02
  2.539780e-01   3.174443e+04   6.355823e+02
  2.567380e-01   3.090018e+04   6.391166e+02
  2.594970e-01   3.159817e+04   6.311854e+02
  2.622570e-01   3.192342e+04   6.406555e+02
  2.650170e-01   3.241938e+04   6.331917e+02
  2.677760e-01   3.016883e+04   6.062855e+02
  2.705360e-01   3.082598e+04   6.193377e+02
  2.732960e-01   3.058289e+04   6.080417e+02
  2.760550e-01   3.148907e+04   6.196833e+02
  2.788150e-01   3.089841e+04   5.976126e+02
  2.815740e-01   3.028794e+04   6.013583e+02
  2.843340e-01   2.955918e+04   5.921928e+02
  2.870940e-01   3.022248e+04   5.908533e+02
  2.898530e-01   3.034764e+04   5.890878e+02
  2.926130e-01   2.949274e+04   5.736793e+02
  2.953730e-01   3.049611e+04   5.899427e+02
  2.981320e-01   2.931039e+04   5.751923e+02
  3.008920e-01   3.043377e+04   5.768808e+02
  3.036520e-01   2.873058e+04   5.619170e+02
  3.064110e-01   2.926201e+04   5.631452e+02
  3.091710e-01   2.817843e+04   5.608154e+02
  3.119300e-01   2.896828e+04   5.576254e+02
  3.146900e-01   2.924171e+04   5.578018e+02
  3.174500e-01   2.772189e+04   5.465424e+02
  3.202090e-01   2.837182e+04   5.419214e+02
  3.229690e-01   2.761167e+04   5.435042e+02
  3.257290e-01   2.798853e+04   5.320145e+02
  3.284880e-01   2.671782e+04   5.313397e+02
  3.312480e-01   2.774030e+04   5.351168e+02
  3.340070e-01   2.758736e+04   5.288216e+02
  3.367670e-01   2.717698e+04   5.218708e+02
  3.395270e-01   2.661061e+04   5.124252e+02
  3.422860e-01   2.692275e+04   5.212404e+02
  3.450460e-01   2.719458e+04   5.181539e+02
  3.478060e-01   2.717694e+04   5.135922e+02
  3.505650e-01   2.642388e+04   5.092300e+02
  3.533250e-01   2.656603e+04   5.047918e+02
  3.560850e-01   2.594917e+04   5.030415e+02
  3.588440e-01   2.585216e+04   4.926309e+02
  3.616040e-01   2.601372e+04   4.945019e+02
  3.643630e-01   2.562305e+04   4.958173e+02
  3.671230e-01   2.526020e+04   4.872498e+02
  3.698830e-01   2.574868e+04   4.939802e+02
  3.726420e-01   2.520307e+04   4.770886e+02
  3.754020e-01   2.558164e+04   4.882872e+02
  3.781620e-01   2.501233e+04   4.774092e+02
  3.809210e-01   2.444445e+04   4.716379e+02
  3.836810e-01   2.454234e+04   4.716079e+02
  3.864410e-01   2.424874e+04   4.638693e+02
  3.892000e-01   2.431501e+04   4.698277e+02
  3.919600e-01   2.365703e+04   4.566062e+02
  3.947190e-01   2.348509e+04   4.558534e+02
  3.974790e-01   2.316220e+04   4.530375e+02
  4.002390e-01   2.369777e+04   4.525884e+02
  4.029980e-01   2.353148e+04   4.566931e+02
  4.057580e-01   2.207556e+04   4.382619e+02
  4.085180e-01   2.247108e+04   4.421755e+02
  4.112770e-01   2.241044e+04   4.400385e+02
  4.140370e-01   2.292779e+04   4.402721e+02
  4.167960e-01   2.299520e+04   4.448935e+02
  4.195560e-01   2.276176e+04   4.324377e+02
  4.223160e-01   2.176290e+04   4.331377e+02
  4.250750e-01   2.185093e+04   4.262946e+02
  4.278350e-01   2.167689e+04   4.240976e+02
  4.305950e-01   2.192769e+04   4.291912e+02
  4.333540e-01   2.109703e+04   4.194158e+02
  4.361140e-01   2.174737e+04   4.290313e+02
  4.388740e-01   2.047497e+04   4.119784e+02
  4.416330e-01   2.043089e+04   4.073053e+02
  4.443930e-01   2.080835e+04   4.101680e+02
  4.471520e-01   2.101623e+04   4.095023e+02
  4.499120e-01   2.023691e+04   4.088283e+02
  4.526720e-01   2.023373e+04   3.999684e+02
  4.554310e-01   1.970769e+04   3.958498e+02
  4.581910e-01   1.992013e+04   3.980233e+02
  4.609510e-01   2.001847e+04   3.992665e+02
  4.637100e-01   2.017175e+04   4.003512e+02
  4.664700e-01   1.959420e+04   3.910773e+02
  4.692290e-01   1.965974e+04   4.073970e+02
  4.719890e-01   1.981804e+04   4.076350e+02
  4.747490e-01   1.913891e+04   4.096531e+02
  4.775080e-01   1.867060e+04   4.061358e+02
  4.802680e-01   1.943293e+04   4.162786e+02
  4.830280e-01   1.878746e+04   4.213946e+02
  4.857870e-01   1.824661e+04   4.193086e+02
  4.885470e-01   1.816036e+04   4.283993e+02
  4.913070e-01   1.864766e+04   4.350161e+02
  4.940660e-01   1.799925e+04   4.300600e+02
  4.968260e-01   1.757284e+04   4.357361e+02
  4.995850e-01   1.760053e+04   4.321058e+02
  5.023450e-01   1.744309e+04   4.374154e+02
  5.051050e-01   1.779978e+04   4.362794e+02
  5.078640e-01   1.762591e+04   4.372709e+02
  5.106240e-01   1.693634e+04   4.302460e+02
  5.133840e-01   1.738019e+04   4.248515e+02
  5.161430e-01   1.656223e+04   4.112526e+02
  5.189030e-01   1.612601e+04   3.922303e+02
  5.216620e-01   1.580749e+04   3.889988e+02
  5.244220e-01   1.676019e+04   3.937529e+02
  5.271820e-01   1.687146e+04   3.863421e+02
  5.299410e-01   1.603554e+04   3.797810e+02
  5.327010e-01   1.632967e+04   3.759309e+02
  5.354610e-01   1.534964e+04   3.690632e+02
  5.382200e-01   1.571788e+04   3.715013e+02
  5.409800e-01   1.470498e+04   3.567462e+02
  5.437400e-01   1.596032e+04   3.685039e+02
  5.464990e-01   1.508780e+04   3.577062e+02
  5.492590e-01   1.556335e+04   3.620367e+02
  5.520180e-01   1.525129e+04   3.550547e+02
  5.547780e-01   1.512968e+04   3.539546e+02
  5.575380e-01   1.535597e+04   3.534785e+02
  5.602970e-01   1.390290e+04   3.377892e+02
  5.630570e-01   1.478761e+04   3.489864e+02
  5.658170e-01   1.427979e+04   3.379848e+02
  5.685760e-01   1.439661e+04   3.429263e+02
  5.713360e-01   1.407119e+04   3.346287e+02
  5.740950e-01   1.386987e+04   3.334986e+02
  5.768550e-01   1.360179e+04   3.330228e+02
  5.796150e-01   1.394060e+04   3.295954e+02
  5.823740e-01   1.399694e+04   3.303440e+02
  5.851340e-01   1.421655e+04   3.303622e+02
  5.878940e-01   1.344643e+04   3.257577e+02
  5.906530e-01   1.368089e+04   3.269777e+02
  5.934130e-01   1.340881e+04   3.187022e+02
  5.961730e-01   1.331133e+04   3.225416e+02
  5.989320e-01   1.310044e+04   3.151774e+02
  6.016920e-01   1.239856e+04   3.136266e+02
  6.044510e-01   1.255991e+04   3.099541e+02
  6.072110e-01   1.252166e+04   3.062638e+02
  6.099710e-01   1.195517e+04   3.046585e+02
  6.127300e-01   1.197659e+04   3.026614e+02
  6.154900e-01   1.208539e+04   3.056494e+02
  6.182500e-01   1.184943e+04   3.008391e+02
  6.210090e-01   1.198018e+04   3.024567e+02
  6.237690e-01   1.196411e+04   3.013450e+02
  6.265280e-01   1.209943e+04   3.004929e+02
  6.292880e-01   1.145126e+04   2.947547e+02
  6.320480e-01   1.163983e+04   2.928948e+02
  6.348070e-01   1.122620e+04   2.935910e+02
  6.375670e-01   1.138803e+04   2.925915e+02
  6.403270e-01   1.148819e+04   2.906544e+02
  6.430860e-01   1.123243e+04   2.882061e+02
  6.458460e-01   1.081000e+04   2.832872e+02
  6.486060e-01   1.092758e+04   2.850496e+02
  6.513650e-01   1.104033e+04   2.828890e+02
  6.541250e-01   1.109826e+04   2.840789e+02
  6.568840e-01   1.066319e+04   2.805356e+02
  6.596440e-01   1.063943e+04   2.770525e+02
  6.624040e-01   1.019415e+04   2.755986e+02
  6.651630e-01   1.064467e+04   2.753370e+02
  6.679230e-01   1.040081e+04   2.768050e+02
  6.706830e-01   1.020502e+04   2.726086e+02
  6.734420e-01   9.755652e+03   2.681629e+02
  6.762020e-01   9.745153e+03   2.644664e+02
  6.789610e-01   9.700955e+03   2.660946e+02
  6.817210e-01   1.000024e+04   2.671388e+02
  6.844810e-01   9.536977e+03   2.633013e+02
  6.872400e-01   9.688844e+03   2.613523e+02
  6.900000e-01   9.587659e+03   2.631529e+02
  6.927600e-01   9.385665e+03   2.593504e+02
  6.955190e-01   9.159370e+03   2.567544e+02
  6.982790e-01   8.967758e+03   2.543026e+02
  7.010390e-01   9.290230e+03   2.552745e+02
  7.037980e-01   8.835093e+03   2.536285e+02
  7.065580e-01   8.681329e+03   2.526218e+02
  7.093170e-01   8.833069e+03   2.507747e+02
  7.120770e-01   8.631439e+03   2.501023e+02
  7.148370e-01   8.893293e+03   2.525016e+02
  7.175960e-01   8.510373e+03   2.475474e+02
  7.203560e-01   8.677731e+03   2.504277e+02
  7.231160e-01   8.785577e+03   2.491702e+02
  7.258750e-01   8.028284e+03   2.429206e+02
  7.286350e-01   7.908054e+03   2.420860e+02
  7.313940e-01   7.973291e+03   2.407891e+02
  7.341540e-01   7.947964e+03   2.401106e+02
  7.369140e-01   7.521291e+03   2.379451e+02
  7.396730e-01   7.408291e+03   2.337584e+02
  7.424330e-01   7.380096e+03   2.360771e+02
  7.451930e-01   7.547942e+03   2.331084e+02
  7.479520e-01   7.342815e+03   2.335431e+02
  7.507120e-01   7.423698e+03   2.341072e+02
  7.534720e-01   7.239663e+03   2.301824e+02
  7.562310e-01   7.294304e+03   2.322051e+02
  7.589910e-01   7.336426e+03   2.280953e+02
  7.617500e-01   7.388697e+03   2.312067e+02
  7.645100e-01   6.849132e+03   2.257605e+02
  7.672700e-01   6.669060e+03   2.246686e+02
  7.700290e-01   6.748299e+03   2.235033e+02
  7.727890e-01   6.486976e+03   2.202881e+02
  7.755490e-01   6.740230e+03   2.255960e+02
  7.783080e-01   7.043473e+03   2.241928e+02
  7.810680e-01   6.289096e+03   2.176658e+02
  7.838280e-01   6.962000e+03   2.228959e+02
  7.865870e-01   6.541131e+03   2.197657e+02
  7.893470e-01   6.620855e+03   2.219134e+02
  7.921060e-01   6.377214e+03   2.138288e+02
  7.948660e-01   6.135252e+03   2.158336e+02
  7.976260e-01   6.076383e+03   2.155118e+02
  8.003850e-01   6.091596e+03   2.120214e+02
  8.031450e-01   6.008135e+03   2.139920e+02
  8.059050e-01   5.887245e+03   2.090725e+02
  8.086640e-01   6.151147e+03   2.149515e+02
  8.114240e-01   5.590204e+03   2.081066e+02
  8.141830e-01   5.488157e+03   2.049987e+02
  8.169430e-01   5.628511e+03   2.077614e+02
  8.197030e-01   5.587183e+03   2.052266e+02
  8.224620e-01   5.441613e+03   2.066861e+02
  8.252220e-01   5.377657e+03   2.032414e+02
  8.279820e-01   5.200525e+03   2.009644e+02
  8.307410e-01   5.559523e+03   2.056969e+02
  8.335010e-01   4.890965e+03   1.973992e+02
  8.362610e-01   5.233107e+03   2.032724e+02
  8.390200e-01   5.227981e+03   1.993544e+02
  8.417800e-01   5.186788e+03   2.002642e+02
  8.445390e-01   4.952420e+03   1.975503e+02
  8.472990e-01   4.921717e+03   1.962274e+02
  8.500590e-01   5.044343e+03   1.972249e+02
  8.528180e-01   4.959224e+03   1.947964e+02
  8.555780e-01   4.875593e+03   1.946354e+02
  8.583380e-01   4.810531e+03   1.935863e+02
  8.610970e-01   4.681065e+03   1.940507e+02
  8.638570e-01   4.294224e+03   1.885671e+02
  8.666160e-01   4.656384e+03   1.903723e+02
  8.693760e-01   4.418631e+03   1.905528e+02
  8.721360e-01   4.228672e+03   1.869258e+02
  8.748950e-01   4.164831e+03   1.936450e+02
  8.776550e-01   4.537328e+03   1.956260e+02
  8.804150e-01   4.204254e+03   1.942733e+02
  8.831740e-01   4.388164e+03   1.975092e+02
  8.859340e-01   4.321775e+03   1.933796e+02
  8.886940e-01   4.328086e+03   1.975503e+02
  8.914530e-01   4.036038e+03   1.896874e+02
  8.942130e-01   4.083477e+03   1.889348e+02
  8.969720e-01   3.808888e+03   1.840442e+02
  8.997320e-01   3.814855e+03   1.821306e+02
  9.024920e-01   4.098718e+03   1.868828e+02
  9.052510e-01   4.205147e+03   1.845372e+02
  9.080110e-01   3.784176e+03   1.820809e+02
  9.107710e-01   3.913585e+03   1.831769e+02
  9.135300e-01   3.827572e+03   1.813469e+02
  9.162900e-01   3.522701e+03   1.783321e+02
  9.190490e-01   3.658251e+03   1.786771e+02
  9.218090e-01   3.642479e+03   1.786973e+02
  9.245690e-01   3.618898e+03   1.782190e+02
  9.273280e-01   3.743676e+03   1.788450e+02
  9.300880e-01   3.465834e+03   1.767932e+02
  9.328480e-01   3.570053e+03   1.757143e+02
  9.356070e-01   3.333076e+03   1.755941e+02
  9.383670e-01   3.277687e+03   1.726024e+02
  9.411270e-01   3.445250e+03   1.755815e+02
  9.438860e-01   3.052422e+03   1.701983e+02
  9.466460e-01   3.209912e+03   1.707368e+02
  9.494050e-01   3.183359e+03   1.722316e+02
  9.521650e-01   3.323805e+03   1.700637e+02
  9.549250e-01   3.266397e+03   1.715229e+02
  9.576840e-01   2.873541e+03   1.664087e+02
  9.604440e-01   3.121097e+03   1.689418e+02
  9.632040e-01   3.364344e+03   1.734904e+02
  9.659630e-01   3.079944e+03   1.672361e+02
  9.687230e-01   3.237360e+03   1.712809e+02
  9.714820e-01   2.771129e+03   1.642702e+02
  9.742420e-01   2.611953e+03   1.636177e+02
  9.770020e-01   2.878078e+03   1.666851e+02
  9.797610e-01   3.112624e+03   1.650785e+02
  9.825210e-01   2.748178e+03   1.653002e+02
  9.852810e-01   2.732344e+03   1.618603e+02
  9.880400e-01   2.854321e+03   1.632401e+02
  9.908000e-01   2.461199e+03   1.593952e+02
  9.935600e-01   2.778367e+03   1.612547e+02
  9.963190e-01   2.560478e+03   1.622292e+02
  9.990790e-01   2.468601e+03   1.582183e+02
  1.001840e+00   2.336146e+03   1.576018e+02
  1.004600e+00   2.120950e+03   1.540259e+02
  1.007360e+00   2.404662e+03   1.568196e+02
  1.010120e+00   2.596312e+03   1.597345e+02
  1.012880e+00   2.437270e+03   1.569661e+02
  1.015640e+00   2.308578e+03   1.557713e+02
  1.018400e+00   2.092237e+03   1.543333e+02
  1.021160e+00   2.102305e+03   1.544105e+02
  1.023920e+00   2.541746e+03   1.581940e+02
  1.026680e+00   2.034457e+03   1.530665e+02
  1.029430e+00   2.309268e+03   1.565992e+02
  1.032190e+00   1.988509e+03   1.514662e+02
  1.034950e+00   2.287893e+03   1.554026e+02
  1.037710e+00   2.338855e+03   1.538327e+02
  1.040470e+00   2.360458e+03   1.539742e+02
  1.043230e+00   2.154641e+03   1.547834e+02
  1.045990e+00   2.047827e+03   1.516858e+02
  1.048750e+00   1.914609e+03   1.496326e+02
  1.051510e+00   1.908044e+03   1.477923e+02
  1.054270e+00   1.811885e+03   1.531807e+02
  1.057030e+00   2.001653e+03   1.543368e+02
  1.059790e+00   1.924949e+03   1.545537e+02
  1.062550e+00   1.882823e+03   1.581202e+02
  1.065310e+00   1.954031e+03   1.569918e+02
  1.068070e+00   1.704099e+03   1.573702e+02
  1.070830e+00   1.947339e+03   1.588275e+02
  1.073590e+00   1.720206e+03   1.562157e+02
  1.076350e+00   2.229598e+03   1.634522e+02
  1.079110e+00   1.681890e+03   1.572906e+02
  1.081870e+00   1.899182e+03   1.607885e+02
  1.084630e+00   1.906530e+03   1.586953e+02
  1.087390e+00   1.785916e+03   1.595395e+02
  1.090150e+00   1.787367e+03   1.617812e+02
  1.092910e+00   1.853987e+03   1.609999e+02
  1.095670e+00   2.031724e+03   1.641944e+02
  1.098430e+00   1.723559e+03   1.599561e+02
  1.101190e+00   1.662392e+03   1.562077e+02
  1.103940e+00   1.826374e+03   1.574421e+02
  1.106700e+00   1.472780e+03   1.521773e+02
  1.109460e+00   1.411341e+03   1.518036e+02
  1.112220e+00   1.881545e+03   1.539483e+02
  1.114980e+00   1.339186e+03   1.504481e+02
  1.117740e+00   1.652592e+03   1.503146e+02
  1.120500e+00   1.740100e+03   1.489428e+02
  1.123260e+00   1.347960e+03   1.468055e+02
  1.126020e+00   1.786479e+03   1.503066e+02
  1.128780e+00   1.590962e+03   1.482881e+02
  1.131540e+00   1.427959e+03   1.462043e+02
  1.134300e+00   1.321752e+03   1.449290e+02
  1.137060e+00   1.639446e+03   1.476138e+02
  1.139820e+00   1.527134e+03   1.468288e+02
  1.142580e+00   1.428608e+03   1.463927e+02
  1.145340e+00   1.506885e+03   1.426738e+02
  1.148100e+00   1.444422e+03   1.450534e+02
  1.150860e+00   1.087626e+03   1.407152e+02
  1.153620e+00   1.276346e+03   1.426385e+02
  1.156380e+00   1.374252e+03   1.437888e+02
  1.159140e+00   1.522589e+03   1.428040e+02
  1.161900e+00   1.256882e+03   1.421476e+02
  1.164660e+00   1.440554e+03   1.408231e+02
  1.167420e+00   1.504231e+03   1.417321e+02
  1.170180e+00   1.395216e+03   1.406995e+02
  1.172940e+00   1.424622e+03   1.404642e+02
  1.175700e+00   1.455449e+03   1.418966e+02
  1.178450e+00   1.317544e+03   1.384815e+02
  1.181210e+00   1.350206e+03   1.400587e+02
  1.183970e+00   1.281006e+03   1.390207e+02
  1.186730e+00   1.173687e+03   1.366059e+02
  1.189490e+00   1.249629e+03   1.370692e+02
  1.192250e+00   1.144050e+03   1.346512e+02
  1.195010e+00   1.313511e+03   1.381427e+02
  1.197770e+00   1.145794e+03   1.353996e+02
  1.200530e+00   1.028682e+03   1.353617e+02
  1.203290e+00   1.132673e+03   1.368573e+02
  1.206050e+00   1.306720e+03   1.371125e+02
  1.208810e+00   9.333420e+02   1.345233e+02
  1.211570e+00   1.400178e+03   1.371139e+02
  1.214330e+00   1.160727e+03   1.350169e+02
  1.217090e+00   1.283299e+03   1.368019e+02
  1.219850e+00   1.289247e+03   1.357121e+02
  1.222610e+00   1.485803e+03   1.380879e+02
  1.225370e+00   9.613150e+02   1.326838e+02
  1.228130e+00   1.094992e+03   1.338348e+02
  1.230890e+00   1.079498e+03   1.348591e+02
  1.233650e+00   1.051220e+03   1.333957e+02
  1.236410e+00   9.270960e+02   1.330624e+02
  1.239170e+00   1.244678e+03   1.326449e+02
  1.241930e+00   1.230951e+03   1.368548e+02
  1.244690e+00   1.099806e+03   1.330518e+02
  1.247450e+00   1.154199e+03   1.332644e+02
  1.250210e+00   1.155840e+03   1.327985e+02
  1.252960e+00   1.212039e+03   1.331062e+02
  1.255720e+00   8.855700e+02   1.304687e+02
  1.258480e+00   1.000785e+03   1.301053e+02
  1.261240e+00   1.038724e+03   1.306881e+02
  1.264000e+00   1.181033e+03   1.315802e+02
  1.266760e+00   9.300340e+02   1.297967e+02
  1.269520e+00   1.092115e+03   1.326009e+02
  1.272280e+00   9.750020e+02   1.292844e+02
  1.275040e+00   6.825200e+02   1.271613e+02
  1.277800e+00   9.712870e+02   1.299213e+02
  1.280560e+00   8.915760e+02   1.275871e+02
  1.283320e+00   1.087782e+03   1.294044e+02
  1.286080e+00   7.423220e+02   1.263600e+02
  1.288840e+00   7.667930e+02   1.275576e+02
  1.291600e+00   9.475820e+02   1.270674e+02
  1.294360e+00   1.090390e+03   1.287877e+02
  1.297120e+00   9.196780e+02   1.285332e+02
  1.299880e+00   8.954510e+02   1.266368e+02
  1.302640e+00   9.293040e+02   1.289359e+02
  1.305400e+00   9.303670e+02   1.278537e+02
  1.308160e+00   8.945580e+02   1.258981e+02
  1.310920e+00   1.127184e+03   1.285381e+02
  1.313680e+00   8.130550e+02   1.265041e+02
  1.316440e+00   8.803840e+02   1.273091e+02
  1.319200e+00   8.453430e+02   1.256626e+02
  1.321960e+00   9.264640e+02   1.263454e+02
  1.324720e+00   8.715410e+02   1.255112e+02
  1.327470e+00   9.746770e+02   1.267017e+02
  1.330230e+00   1.173145e+03   1.274342e+02
  1.332990e+00   8.885100e+02   1.247716e+02
  1.335750e+00   7.886110e+02   1.259030e+02
  1.338510e+00   8.240850e+02   1.244750e+02
  1.341270e+00   1.014327e+03   1.261565e+02
  1.344030e+00   7.123430e+02   1.219494e+02
  1.346790e+00   9.798970e+02   1.258595e+02
  1.349550e+00   9.852380e+02   1.249116e+02
  1.352310e+00   6.623370e+02   1.226069e+02
  1.355070e+00   9.250710e+02   1.238115e+02
  1.357830e+00   7.688690e+02   1.220825e+02
  1.360590e+00   6.570690e+02   1.220547e+02
  1.363350e+00   8.107040e+02   1.234141e+02
  1.366110e+00   8.379780e+02   1.223136e+02
  1.368870e+00   6.533290e+02   1.217075e+02
  1.371630e+00   6.152950e+02   1.204743e+02
  1.374390e+00   6.648080e+02   1.215257e+02
  1.377150e+00   8.229930e+02   1.223749e+02
  1.379910e+00   7.548080e+02   1.203488e+02
  1.382670e+00   7.964230e+02   1.219007e+02
  1.385430e+00   6.095210e+02   1.193750e+02
  1.388190e+00   9.301410e+02   1.227240e+02
  1.390950e+00   7.589690e+02   1.199384e+02
  1.393710e+00   7.380050e+02   1.215832e+02
  1.396470e+00   8.301600e+02   1.212235e+02
  1.399230e+00   8.438690e+02   1.209811e+02
  1.401990e+00   6.165940e+02   1.191235e+02
  1.404740e+00   9.116610e+02   1.214278e+02
  1.407500e+00   7.009530e+02   1.202018e+02
  1.410260e+00   5.498200e+02   1.194405e+02
  1.413020e+00   7.599110e+02   1.194579e+02
  1.415780e+00   8.699120e+02   1.211094e+02
  1.418540e+00   6.449580e+02   1.180127e+02
  1.421300e+00   6.727960e+02   1.191206e+02
  1.424060e+00   5.859440e+02   1.172116e+02
  1.426820e+00   9.270600e+02   1.205736e+02
  1.429580e+00   9.350100e+02   1.210766e+02
  1.432340e+00   8.289060e+02   1.195629e+02
  1.435100e+00   8.285230e+02   1.198424e+02
  1.437860e+00   5.066680e+02   1.156980e+02
  1.440620e+00   7.371380e+02   1.193881e+02
  1.443380e+00   5.738260e+02   1.181934e+02
  1.446140e+00   7.552010e+02   1.178694e+02
  1.448900e+00   7.349310e+02   1.189205e+02
  1.451660e+00   7.643480e+02   1.168264e+02
  1.454420e+00   6.481120e+02   1.184204e+02
  1.457180e+00   7.224840e+02   1.169955e+02
  1.459940e+00   4.536770e+02   1.147104e+02
  1.462700e+00   6.113980e+02   1.177134e+02
  1.465460e+00   6.307440e+02   1.158463e+02
  1.468220e+00   7.247920e+02   1.172037e+02
  1.470980e+00   6.974100e+02   1.162609e+02
  1.473740e+00   6.297860e+02   1.165006e+02
  1.476500e+00   5.730210e+02   1.158299e+02
  1.479250e+00   7.480810e+02   1.152535e+02
  1.482010e+00   5.115560e+02   1.149272e+02
  1.484770e+00   5.799670e+02   1.140128e+02
  1.487530e+00   5.754220e+02   1.147199e+02
  1.490290e+00   7.161320e+02   1.166960e+02
  1.493050e+00   6.050500e+02   1.146697e+02
  1.495810e+00   5.869950e+02   1.143048e+02
  1.498570e+00   6.426600e+02   1.154328e+02
  1.501330e+00   8.331310e+02   1.167201e+02
  1.504090e+00   7.522100e+02   1.156877e+02
  1.506850e+00   6.390500e+02   1.144832e+02
  1.509610e+00   7.394170e+02   1.158246e+02
  1.512370e+00   5.778100e+02   1.131523e+02
  1.515130e+00   5.195120e+02   1.127544e+02
  1.517890e+00   6.431340e+02   1.143427e+02
  1.520650e+00   5.112460e+02   1.133805e+02
  1.523410e+00   5.549620e+02   1.138995e+02
  1.526170e+00   5.332730e+02   1.130297e+02
  1.528930e+00   5.543400e+02   1.121735e+02
  1.531690e+00   6.360450e+02   1.133209e+02
  1.534450e+00   5.198000e+02   1.127110e+02
  1.537210e+00   7.649770e+02   1.136317e+02
  1.539970e+00   8.746540e+02   1.141686e+02
  1.542730e+00   5.969730e+02   1.137876e+02
  1.545490e+00   7.519170e+02   1.139559e+02
  1.548250e+00   4.583860e+02   1.118712e+02
  1.551010e+00   6.015970e+02   1.119168e+02
  1.553760e+00   7.638720e+02   1.137250e+02
  1.556520e+00   6.118300e+02   1.124803e+02
  1.559280e+00   5.364210e+02   1.109412e+02
  1.562040e+00   5.950620e+02   1.126239e+02
  1.564800e+00   6.609900e+02   1.117159e+02
  1.567560e+00   5.632160e+02   1.113862e+02
  1.570320e+00   4.640200e+02   1.105730e+02
  1.573080e+00   4.725080e+02   1.100574e+02
  1.575840e+00   5.127460e+02   1.107506e+02
  1.578600e+00   6.166250e+02   1.111022e+02
  1.581360e+00   5.349430e+02   1.108857e+02
  1.584120e+00   5.193130e+02   1.106947e+02
  1.586880e+00   7.071430e+02   1.127327e+02
  1.589640e+00   6.477900e+02   1.100696e+02
  1.592400e+00   5.505150e+02   1.100054e+02
  1.595160e+00   7.555730e+02   1.115087e+02
  1.597920e+00   6.784230e+02   1.107497e+02
  1.600680e+00   5.416980e+02   1.105265e+02
  1.603440e+00   4.401860e+02   1.092502e+02
  1.606200e+00   7.558000e+02   1.113967e+02
  1.608960e+00   5.693620e+02   1.101804e+02
  1.611720e+00   4.762890e+02   1.082616e+02
  1.614480e+00   3.536730e+02   1.077481e+02
  1.617240e+00   5.629850e+02   1.095665e+02
  1.620000e+00   6.908460e+02   1.095892e+02
  1.622760e+00   4.254050e+02   1.074552e+02
  1.625520e+00   3.603270e+02   1.075964e+02
  1.628270e+00   4.686410e+02   1.093332e+02
  1.631030e+00   4.271930e+02   1.082002e+02
  1.633790e+00   5.003020e+02   1.093436e+02
  1.636550e+00   8.111280e+02   1.103881e+02
  1.639310e+00   6.242910e+02   1.116362e+02
  1.642070e+00   5.398610e+02   1.119888e+02
  1.644830e+00   4.646670e+02   1.107031e+02
  1.647590e+00   5.325290e+02   1.127694e+02
  1.650350e+00   6.562860e+02   1.142909e+02
  1.653110e+00   4.547220e+02   1.122188e+02
  1.655870e+00   4.466490e+02   1.144747e+02
  1.658630e+00   4.018980e+02   1.120729e+02
  1.661390e+00   4.097420e+02   1.142894e+02
  1.664150e+00   4.047640e+02   1.139166e+02
  1.666910e+00   5.968040e+02   1.153414e+02
  1.669670e+00   6.307230e+02   1.158545e+02
  1.672430e+00   4.135350e+02   1.150512e+02
  1.675190e+00   3.764800e+02   1.145332e+02
  1.677950e+00   5.457580e+02   1.167000e+02
  1.680710e+00   5.222040e+02   1.168537e+02
  1.683470e+00   4.516010e+02   1.167820e+02
  1.686230e+00   5.212350e+02   1.141951e+02
  1.688990e+00   4.429550e+02   1.134528e+02
  1.691750e+00   5.657160e+02   1.130440e+02
  1.694510e+00   5.413910e+02   1.127838e+02
  1.697270e+00   4.491840e+02   1.113674e+02
  1.700030e+00   6.103960e+02   1.119587e+02
  1.702780e+00   4.503990e+02   1.099310e+02
  1.705540e+00   3.672500e+02   1.092597e+02
  1.708300e+00   2.391270e+02   1.094272e+02
  1.711060e+00   2.995030e+02   1.079590e+02
  1.713820e+00   3.712300e+02   1.093073e+02
  1.716580e+00   4.268880e+02   1.092392e+02
  1.719340e+00   3.893000e+02   1.085215e+02
  1.722100e+00   4.327860e+02   1.094695e+02
  1.724860e+00   4.891790e+02   1.089144e+02
  1.727620e+00   3.264220e+02   1.080476e+02
  1.730380e+00   5.359040e+02   1.096201e+02
  1.733140e+00   4.844110e+02   1.088847e+02
  1.735900e+00   2.169630e+02   1.068042e+02
  1.738660e+00   4.584740e+02   1.078127e+02
  1.741420e+00   4.065260e+02   1.079386e+02
  1.744180e+00   5.408150e+02   1.077604e+02
  1.746940e+00   3.752860e+02   1.068359e+02
  1.749700e+00   3.535050e+02   1.069289e+02
  1.752460e+00   3.603860e+02   1.067696e+02
  1.755220e+00   4.768190e+02   1.086444e+02
  1.757980e+00   5.460780e+02   1.079161e+02
  1.760740e+00   5.077730e+02   1.075711e+02
  1.763500e+00   2.582790e+02   1.049244e+02
  1.766260e+00   3.763760e+02   1.058581e+02
  1.769020e+00   4.984560e+02   1.087364e+02
  1.771780e+00   5.014030e+02   1.060264e+02
  1.774540e+00   2.247480e+02   1.045937e+02
  1.777290e+00   4.088960e+02   1.062819e+02
  1.780050e+00   4.296920e+02   1.060200e+02
  1.782810e+00   4.178450e+02   1.064642e+02
  1.785570e+00   4.158270e+02   1.054925e+02
  1.788330e+00   3.548230e+02   1.058894e+02
  1.791090e+00   3.591810e+02   1.058998e+02
  1.793850e+00   4.095200e+02   1.061658e+02
  1.796610e+00   2.779920e+02   1.051040e+02
  1.799370e+00   2.224170e+02   1.036810e+02
  1.802130e+00   2.540220e+02   1.054726e+02
  1.804890e+00   4.128710e+02   1.046591e+02
  1.807650e+00   2.623650e+02   1.053542e+02
  1.810410e+00   6.213200e+01   1.016602e+02
  1.813170e+00   3.897010e+02   1.040450e+02
  1.815930e+00   2.377730e+02   1.038072e+02
  1.818690e+00   3.662670e+02   1.040976e+02
  1.821450e+00   2.987490e+02   1.046920e+02
  1.824210e+00   4.115010e+02   1.050867e+02
  1.826970e+00   4.580180e+02   1.049242e+02
  1.829730e+00   2.387010e+02   1.038832e+02
  1.832490e+00   1.801080e+02   1.020277e+02
  1.835250e+00   2.883190e+02   1.044539e+02
  1.838010e+00   1.964680e+02   1.023279e+02
  1.840770e+00   1.277440e+02   1.011282e+02
  1.843530e+00   3.441300e+02   1.033786e+02
  1.846290e+00   2.649040e+02   1.027369e+02
  1.849050e+00   1.565570e+02   1.020661e+02
  1.851810e+00   3.377830e+02   1.029850e+02
  1.854560e+00   2.968590e+02   1.030531e+02
  1.857320e+00   4.032150e+02   1.038270e+02
  1.860080e+00   3.187920e+02   1.035323e+02
  1.862840e+00   3.547810e+02   1.036092e+02
  1.865600e+00   2.762400e+02   1.023373e+02
  1.868360e+00   4.209320e+02   1.040635e+02
  1.871120e+00   2.998420e+02   1.031970e+02
  1.873880e+00   2.800620e+02   1.036107e+02
  1.876640e+00   2.939890e+02   1.035890e+02
  1.879400e+00   3.732090e+02   1.041823e+02
  1.882160e+00   3.554510e+02   1.039757e+02
  1.884920e+00   4.469750e+02   1.043363e+02
  1.887680e+00   2.605110e+02   1.032281e+02
  1.890440e+00   4.549810e+02   1.044243e+02
  1.893200e+00   2.608670e+02   1.036656e+02
  1.895960e+00   3.410770e+02   1.046451e+02
  1.898720e+00   9.460400e+01   1.028699e+02
  1.901480e+00   2.027650e+02   1.033239e+02
  1.904240e+00   3.697330e+02   1.038625e+02
  1.907000e+00   2.192680e+02   1.033678e+02
  1.909760e+00   3.597630e+02   1.042572e+02
  1.912520e+00   4.703240e+02   1.045064e+02
  1.915280e+00   4.698890e+02   1.054270e+02
  1.918040e+00   5.448600e+02   1.051300e+02
  1.920800e+00   2.849570e+02   1.040191e+02
  1.923560e+00   2.248290e+02   1.033406e+02
  1.926320e+00   1.677150e+02   1.020284e+02
  1.929070e+00   1.852400e+02   1.034480e+02
  1.931830e+00   3.715550e+02   1.031675e+02
  1.934590e+00   1.408360e+02   1.028229e+02
  1.937350e+00   4.901760e+02   1.050624e+02
  1.940110e+00   2.116500e+02   1.031723e+02
  1.942870e+00   1.784170e+02   1.045045e+02
  1.945630e+00   2.820690e+02   1.030637e+02
  1.948390e+00   2.958710e+02   1.048877e+02
  1.951150e+00   3.612770e+02   1.030868e+02
  1.953910e+00   3.896700e+02   1.046235e+02
  1.956670e+00   5.083490e+02   1.052703e+02
  1.959430e+00   2.864110e+02   1.029694e+02
  1.962190e+00   5.084350e+02   1.056900e+02
  1.964950e+00   3.296730e+02   1.038474e+02
  1.967710e+00   2.459830e+02   1.039814e+02
  1.970470e+00   1.639600e+01   1.010280e+02
  1.973230e+00   2.868170e+02   1.043896e+02
  1.975990e+00   3.340930e+02   1.045552e+02
  1.978750e+00   3.426670e+02   1.036282e+02
  1.981510e+00   3.756600e+02   1.048271e+02
  1.984270e+00   3.093640e+02   1.040619e+02
  1.987030e+00   3.303370e+02   1.040242e+02
  1.989790e+00   2.035040e+02   1.031531e+02
  1.992550e+00   3.254860e+02   1.035081e+02
  1.995310e+00   6.881500e+01   1.030016e+02
  1.998070e+00   4.047700e+02   1.036993e+02
  2.000830e+00   3.445310e+02   1.052491e+02
  2.003580e+00   2.013920e+02   1.035320e+02
  2.006340e+00   4.095990e+02   1.047118e+02
  2.009100e+00   1.983740e+02   1.032691e+02
  2.011860e+00   2.734220e+02   1.045208e+02
  2.014620e+00   2.284690e+02   1.036198e+02
  2.017380e+00   4.415820e+02   1.047801e+02
  2.020140e+00   3.729010e+02   1.039022e+02
  2.022900e+00   1.881680e+02   1.033839e+02
  2.025660e+00   2.794060e+02   1.036469e+02
  2.028420e+00   2.818870e+02   1.045795e+02
  2.031180e+00   3.622860e+02   1.034592e+02
  2.033940e+00   3.516100e+02   1.046412e+02
  2.036700e+00   2.326100e+02   1.032683e+02
  2.039460e+00   2.954860e+02   1.037204e+02
  2.042220e+00   1.446560e+02   1.028814e+02
  2.044980e+00   1.950700e+02   1.025151e+02
  2.047740e+00   3.207100e+02   1.046486e+02
  2.050500e+00   2.982740e+02   1.036602e+02
  2.053260e+00   2.533870e+02   1.028995e+02
  2.056020e+00   2.900640e+02   1.043436e+02
  2.058780e+00   3.329910e+02   1.034792e+02
  2.061540e+00   3.738150e+02   1.047342e+02
  2.064300e+00   9.845800e+01   1.020886e+02
  2.067060e+00   3.400280e+02   1.032471e+02
  2.069820e+00   2.639460e+02   1.039862e+02
  2.072580e+00   1.432970e+02   1.031647e+02
  2.075340e+00   3.305540e+02   1.040765e+02
  2.078090e+00   3.870220e+02   1.032416e+02
  2.080850e+00   3.628460e+02   1.037968e+02
  2.083610e+00   1.914250e+02   1.026896e+02
  2.086370e+00   2.031390e+02   1.027742e+02
  2.089130e+00   4.020200e+02   1.042619e+02
  2.091890e+00   4.806380e+02   1.041199e+02
  2.094650e+00   2.841870e+02   1.033306e+02
  2.097410e+00   2.181300e+02   1.021457e+02
  2.100170e+00   2.438090e+02   1.040184e+02
  2.102930e+00   2.600270e+02   1.045373e+02
  2.105690e+00   2.652940e+02   1.030078e+02
  2.108450e+00   3.108920e+02   1.038602e+02
  2.111210e+00   1.903930e+02   1.021554e+02
  2.113970e+00   1.354170e+02   1.017506e+02
  2.116730e+00   2.800200e+02   1.033874e+02
  2.119490e+00   2.929390e+02   1.030855e+02
  2.122250e+00   2.513320e+02   1.036672e+02
  2.125010e+00   1.963470e+02   1.018717e+02
  2.127770e+00   3.761810e+02   1.034219e+02
  2.130530e+00   2.882620e+02   1.029540e+02
  2.133290e+00   2.053500e+02   1.021108e+02
  2.136050e+00   1.661520e+02   1.019727e+02
  2.138810e+00   3.830350e+02   1.028530e+02
  2.141570e+00   2.497710e+02   1.028657e+02
  2.144330e+00   4.059250e+02   1.029464e+02
  2.147090e+00   2.472290e+02   1.017658e+02
  2.149850e+00   3.968230e+02   1.039775e+02
  2.152600e+00   2.601700e+02   1.022521e+02
  2.155360e+00   1.379790e+02   1.011254e+02
  2.158120e+00   1.368590e+02   1.006394e+02
  2.160880e+00   4.154080e+02   1.037426e+02
  2.163640e+00   2.568370e+02   1.031079e+02
  2.166400e+00   1.789300e+01   1.008686e+02
  2.169160e+00   2.399320e+02   1.027876e+02
  2.171920e+00   2.574840e+02   1.015880e+02
  2.174680e+00   2.527730e+02   1.030543e+02
  2.177440e+00   2.769140e+02   1.021405e+02
  2.180200e+00   2.280410e+02   1.018737e+02
  2.182960e+00   4.882730e+02   1.037450e+02
  2.185720e+00   6.038900e+01   1.003887e+02
  2.188480e+00   1.136970e+02   1.019028e+02
  2.191240e+00   1.188610e+02   1.002862e+02
  2.194000e+00   1.200590e+02   1.017494e+02
  2.196760e+00   3.510720e+02   1.022140e+02
  2.199520e+00   2.059390e+02   1.006239e+02
  2.202280e+00   3.884160e+02   1.040835e+02
  2.205040e+00   1.240320e+02   1.003758e+02
  2.207800e+00   1.214310e+02   1.011239e+02
  2.210560e+00   1.320590e+02   1.011422e+02
  2.213320e+00   2.184310e+02   1.009401e+02
  2.216080e+00   3.404760e+02   1.031099e+02
  2.218840e+00   3.115720e+02   1.017438e+02
  2.221600e+00   1.490680e+02   1.021581e+02
  2.224360e+00   1.860340e+02   1.030909e+02
  2.227120e+00  -3.530200e+01   1.025174e+02
  2.229870e+00   1.498800e+02   1.057714e+02
  2.232630e+00   8.758200e+01   1.041101e+02
  2.235390e+00   4.737930e+02   1.100310e+02
  2.238150e+00   1.725880e+02   1.061651e+02
  2.240910e+00   2.286370e+02   1.077757e+02
  2.243670e+00   3.439440e+02   1.098166e+02
  2.246430e+00   1.327220e+02   1.088099e+02
  2.249190e+00   2.195400e+02   1.112427e+02
  2.251950e+00   2.921550e+02   1.104369e+02
  2.254710e+00   4.244750e+02   1.139496e+02
  2.257470e+00   3.920920e+02   1.125423e+02
  2.260230e+00   1.668870e+02   1.119063e+02
  2.262990e+00   2.819970e+02   1.144253e+02
  2.265750e+00   3.071000e+02   1.144515e+02
  2.268510e+00   2.675440e+02   1.147085e+02
  2.271270e+00  -4.798600e+01   1.097716e+02
  2.274030e+00   1.220430e+02   1.109615e+02
  2.276790e+00   2.896460e+02   1.115089e+02
  2.279550e+00   2.039120e+02   1.110383e+02
  2.282310e+00   2.362430e+02   1.112271e+02
  2.285070e+00   1.372140e+02   1.089321e+02
  2.287830e+00   1.714340e+02   1.103894e+02
  2.290590e+00   1.145410e+02   1.072870e+02
  2.293350e+00   1.188000e+02   1.078793e+02
  2.296110e+00   1.136730e+02   1.078881e+02
  2.298870e+00   1.140870e+02   1.079958e+02
  2.301630e+00   1.834190e+02   1.084790e+02
  2.304380e+00   1.767460e+02   1.071538e+02
  2.307140e+00   1.469730e+02   1.089157e+02
  2.309900e+00   9.537800e+01   1.085317e+02
  2.312660e+00   1.628510e+02   1.082583e+02
  2.315420e+00   1.958020e+02   1.091647e+02
  2.318180e+00   3.492240e+02   1.101865e+02
  2.320940e+00   2.074830e+02   1.092112e+02
  2.323700e+00   4.560040e+02   1.107114e+02
  2.326460e+00   1.691490e+02   1.080565e+02
  2.329220e+00   1.929150e+02   1.096193e+02
  2.331980e+00   2.790860e+02   1.088111e+02
  2.334740e+00   6.152800e+01   1.077386e+02
  2.337500e+00   1.122220e+02   1.082545e+02
  2.340260e+00   2.426800e+02   1.091406e+02
  2.343020e+00   2.528390e+02   1.094764e+02
  2.345780e+00   1.650000e+02   1.084644e+02
  2.348540e+00   1.760090e+02   1.087583e+02
  2.351300e+00   1.032190e+02   1.084959e+02
  2.354060e+00   8.383700e+01   1.086134e+02
  2.356820e+00   2.270780e+02   1.087801e+02
  2.359580e+00   1.710140e+02   1.087001e+02
  2.362340e+00  -7.289000e+00   1.068736e+02
  2.365100e+00   1.943980e+02   1.100442e+02
  2.367860e+00  -4.840500e+01   1.074722e+02
  2.370620e+00   8.251900e+01   1.082856e+02
  2.373380e+00   5.553600e+01   1.079081e+02
  2.376140e+00  -4.093300e+01   1.075983e+02
  2.378890e+00   2.624570e+02   1.095165e+02
  2.381650e+00   1.700750e+02   1.095243e+02
  2.384410e+00   1.370660e+02   1.083927e+02
  2.387170e+00   1.837420e+02   1.099027e+02
  2.389930e+00   1.615090e+02   1.088259e+02
  2.392690e+00   3.758100e+02   1.108744e+02
  2.395450e+00   8.966200e+01   1.074655e+02
  2.398210e+00   1.122880e+02   1.085417e+02
  2.400970e+00   1.719300e+02   1.092859e+02
  2.403730e+00   2.371200e+01   1.075058e+02
  2.406490e+00   2.143930e+02   1.093258e+02
  2.409250e+00   3.042190e+02   1.106803e+02
  2.412010e+00   2.070490e+02   1.095655e+02
  2.414770e+00   1.127670e+02   1.087599e+02
  2.417530e+00   2.256880e+02   1.090852e+02
  2.420290e+00   2.309090e+02   1.094552e+02
  2.423050e+00   9.338700e+01   1.086132e+02
  2.425810e+00   3.531300e+01   1.074405e+02
  2.428570e+00   1.163370e+02   1.093646e+02
  2.431330e+00   4.671400e+01   1.075566e+02
  2.434090e+00  -9.494600e+01   1.072507e+02
  2.436850e+00   2.381030e+02   1.102147e+02
  2.439610e+00   2.765600e+01   1.087147e+02
  2.442370e+00   1.145610e+02   1.092709e+02
  2.445130e+00   1.698220e+02   1.087316e+02
  2.447890e+00   4.124100e+01   1.089306e+02
  2.450650e+00   1.965930e+02   1.109338e+02
  2.453400e+00   3.764100e+01   1.084999e+02
  2.456160e+00   2.771420e+02   1.120914e+02
  2.458920e+00   3.205300e+01   1.084397e+02
  2.461680e+00  -5.288100e+01   1.086416e+02
  2.464440e+00   2.508840e+02   1.096897e+02
  2.467200e+00  -2.563700e+01   1.084354e+02
  2.469960e+00   8.012200e+01   1.088336e+02
  2.472720e+00   1.649150e+02   1.090400e+02
  2.475480e+00   1.367490e+02   1.099239e+02
  2.478240e+00   3.358320e+02   1.096461e+02
  2.481000e+00   2.621480e+02   1.106305e+02
  2.483760e+00   1.390570e+02   1.088524e+02
  2.486520e+00   3.773850e+02   1.103259e+02
  2.489280e+00   2.402110e+02   1.097318e+02
  2.492040e+00   2.468270e+02   1.077258e+02
  2.494800e+00   1.909890e+02   1.090417e+02
  2.497560e+00   1.156430e+02   1.075402e+02
  2.500320e+00   1.865300e+02   1.092765e+02
  2.503080e+00   2.199380e+02   1.089345e+02
  2.505840e+00   3.026520e+02   1.094300e+02
  2.508600e+00   9.568200e+01   1.086287e+02
  2.511360e+00   8.710400e+01   1.076644e+02
  2.514120e+00   9.863900e+01   1.076366e+02
  2.516880e+00   1.009360e+02   1.083872e+02
  2.519640e+00   5.507000e+01   1.085916e+02
  2.522400e+00   6.357900e+01   1.083303e+02
  2.525160e+00   1.160780e+02   1.082537e+02
  2.527910e+00   6.027600e+01   1.085534e+02
  2.530670e+00   1.471000e+01   1.073885e+02
  2.533430e+00   7.487400e+01   1.082806e+02
  2.536190e+00   1.216650e+02   1.083381e+02
  2.538950e+00   3.282500e+01   1.072873e+02
  2.541710e+00   1.133500e+01   1.087813e+02
  2.544470e+00   2.609370e+02   1.091101e+02
  2.547230e+00   1.296520e+02   1.086779e+02
  2.549990e+00   2.472160e+02   1.095364e+02
  2.552750e+00   1.451750e+02   1.079948e+02
  2.555510e+00   6.135000e+00   1.076443e+02
  2.558270e+00   3.358100e+01   1.076246e+02
  2.561030e+00   2.524970e+02   1.103680e+02
  2.563790e+00   1.586910e+02   1.083005e+02
  2.566550e+00   1.041780e+02   1.094766e+02
  2.569310e+00   1.090880e+02   1.082856e+02
  2.572070e+00  -6.169000e+00   1.069620e+02
  2.574830e+00  -2.178900e+01   1.083121e+02
  2.577590e+00   1.286560e+02   1.089269e+02
  2.580350e+00   1.124630e+02   1.084809e+02
  2.583110e+00   1.035120e+02   1.083739e+02
  2.585870e+00  -3.764500e+01   1.080938e+02
  2.588630e+00   1.128430e+02   1.094964e+02
  2.591390e+00  -7.663000e+00   1.067440e+02
  2.594150e+00   1.590780e+02   1.095672e+02
  2.596910e+00   4.050200e+01   1.084444e+02
  2.599670e+00   1.891860e+02   1.091708e+02
  2.602420e+00   7.584400e+01   1.084233e+02
  2.605180e+00  -8.371100e+01   1.066545e+02
  2.607940e+00   1.355630e+02   1.089575e+02
  2.610700e+00   2.089690e+02   1.094400e+02
  2.613460e+00  -5.032800e+01   1.080770e+02
  2.616220e+00   1.405910e+02   1.081569e+02
  2.618980e+00   3.647410e+02   1.106870e+02
  2.621740e+00   1.015710e+02   1.085993e+02
  2.624500e+00   3.006100e+01   1.086908e+02
  2.627260e+00   1.843750e+02   1.094503e+02
  2.630020e+00  -4.784500e+01   1.073255e+02
  2.632780e+00   1.192450e+02   1.088591e+02
  2.635540e+00   1.918260e+02   1.097784e+02
  2.638300e+00   2.401220e+02   1.089635e+02
  2.641060e+00   9.187700e+01   1.094652e+02
  2.643820e+00   8.044800e+01   1.090786e+02
  2.646580e+00   2.288780e+02   1.104527e+02
  2.649340e+00   1.681600e+01   1.079532e+02
  2.652100e+00   8.993300e+01   1.089972e+02
  2.654860e+00   2.352590e+02   1.110591e+02
  2.657620e+00   1.353960e+02   1.095543e+02
  2.660380e+00   3.541730e+02   1.126602e+02
  2.663140e+00   1.015630e+02   1.091429e+02
  2.665900e+00   6.594000e+00   1.084708e+02
  2.668660e+00   9.628400e+01   1.099136e+02
  2.671420e+00   7.595400e+01   1.086281e+02
  2.674180e+00   1.269120e+02   1.093335e+02
  2.676940e+00   1.909650e+02   1.086543e+02
  2.679690e+00   1.478390e+02   1.101823e+02
  2.682450e+00   8.248100e+01   1.102377e+02
  2.685210e+00   1.737300e+02   1.099333e+02
  2.687970e+00   1.494380e+02   1.099837e+02
  2.690730e+00   1.188410e+02   1.088645e+02
  2.693490e+00   1.165840e+02   1.102103e+02
  2.696250e+00   5.977000e+01   1.090316e+02
  2.699010e+00   6.125800e+01   1.097421e+02
  2.701770e+00   6.360000e+00   1.094125e+02
  2.704530e+00   2.482860e+02   1.100769e+02
  2.707290e+00   9.643900e+01   1.095964e+02
  2.710050e+00   8.680900e+01   1.088048e+02
  2.712810e+00   1.740330e+02   1.102769e+02
  2.715570e+00   1.632700e+02   1.102689e+02
  2.718330e+00   2.097390e+02   1.093311e+02
  2.721090e+00   2.748610e+02   1.103638e+02
  2.723850e+00   2.330030e+02   1.100099e+02
  2.726610e+00   1.510440e+02   1.103022e+02
  2.729370e+00   1.428840e+02   1.105133e+02
  2.732130e+00   2.601590e+02   1.107259e+02
  2.734890e+00   1.717460e+02   1.102664e+02
  2.737650e+00   2.340060e+02   1.105000e+02
  2.740410e+00  -1.272350e+02   1.092367e+02
  2.743170e+00  -5.400400e+01   1.085639e+02
  2.745930e+00   3.098950e+02   1.102489e+02
  2.748690e+00   2.376530e+02   1.112117e+02
  2.751450e+00   1.189210e+02   1.099505e+02
  2.754200e+00   2.185950e+02   1.115593e+02
  2.756960e+00   5.176500e+01   1.091561e+02
  2.759720e+00   1.557500e+02   1.102528e+02
  2.762480e+00  -5.881200e+01   1.091170e+02
  2.765240e+00  -4.945400e+01   1.086137e+02
  2.768000e+00   1.855590e+02   1.105025e+02
  2.770760e+00   1.616050e+02   1.099231e+02
  2.773520e+00   1.241920e+02   1.106355e+02
  2.776280e+00   1.163190e+02   1.093815e+02
  2.779040e+00   1.019690e+02   1.096119e+02
  2.781800e+00   2.221190e+02   1.095045e+02
  2.784560e+00   1.567340e+02   1.096319e+02
  2.787320e+00   3.186810e+02   1.107759e+02
  2.790080e+00  -7.608000e+01   1.079959e+02
  2.792840e+00   2.655610e+02   1.106234e+02
  2.795600e+00   8.092100e+01   1.087565e+02
  2.798360e+00   2.049680e+02   1.099462e+02
  2.801120e+00   1.998970e+02   1.104585e+02
  2.803880e+00   1.000230e+02   1.083984e+02
  2.806640e+00   3.051800e+01   1.095008e+02
  2.809400e+00   2.574790e+02   1.138359e+02
  2.812160e+00   6.319800e+01   1.140033e+02
  2.814920e+00   2.595900e+01   1.136855e+02
  2.817680e+00   2.620750e+02   1.165117e+02
  2.820440e+00   1.240830e+02   1.164453e+02
  2.823200e+00   1.015800e+01   1.167604e+02
  2.825960e+00   2.621300e+01   1.188705e+02
  2.828710e+00   1.481580e+02   1.191097e+02
  2.831470e+00  -1.551310e+02   1.186326e+02
  2.834230e+00   8.008200e+01   1.213692e+02
  2.836990e+00   4.031020e+02   1.232340e+02
  2.839750e+00   4.218000e+01   1.224055e+02
  2.842510e+00   2.533860e+02   1.234918e+02
  2.845270e+00  -8.884500e+01   1.231712e+02
  2.848030e+00   1.909860e+02   1.256479e+02
  2.850790e+00   1.566050e+02   1.233698e+02
  2.853550e+00   1.611870e+02   1.259759e+02
  2.856310e+00   1.174120e+02   1.215485e+02
  2.859070e+00   4.935300e+01   1.204680e+02
  2.861830e+00   1.102880e+02   1.205418e+02
  2.864590e+00   1.428190e+02   1.202971e+02
  2.867350e+00   3.207400e+01   1.186151e+02
  2.870110e+00  -5.710700e+01   1.162675e+02
  2.872870e+00   3.457930e+02   1.195275e+02
  2.875630e+00   1.698490e+02   1.169571e+02
  2.878390e+00   3.267700e+01   1.163916e+02
  2.881150e+00   1.919010e+02   1.180660e+02
  2.883910e+00   3.075400e+01   1.160943e+02
  2.886670e+00   3.014410e+02   1.181753e+02
  2.889430e+00   2.884100e+01   1.157446e+02
  2.892190e+00  -4.105700e+01   1.142303e+02
  2.894950e+00   1.068960e+02   1.165817e+02
  2.897710e+00  -2.296400e+01   1.133616e+02
  2.900470e+00   1.020860e+02   1.165616e+02
  2.903220e+00   3.233520e+02   1.169643e+02
  2.905980e+00  -1.821500e+01   1.145977e+02
  2.908740e+00   1.059920e+02   1.136709e+02
  2.911500e+00   1.991890e+02   1.149656e+02
  2.914260e+00  -1.115400e+02   1.128738e+02
  2.917020e+00   1.023440e+02   1.137394e+02
  2.919780e+00   2.317720e+02   1.153939e+02
  2.922540e+00   6.138400e+01   1.137277e+02
  2.925300e+00  -1.139930e+02   1.121057e+02
  2.928060e+00   3.565000e+01   1.137475e+02
  2.930820e+00   1.166010e+02   1.133345e+02
  2.933580e+00   2.406570e+02   1.149534e+02
  2.936340e+00  -2.147100e+01   1.129613e+02
  2.939100e+00   5.655000e+00   1.134235e+02
  2.941860e+00   9.162300e+01   1.130624e+02
  2.944620e+00   7.552300e+01   1.120454e+02
  2.947380e+00   1.550340e+02   1.136306e+02
  2.950140e+00  -2.147800e+01   1.120218e+02
  2.952900e+00   3.255740e+02   1.156123e+02
  2.955660e+00   1.550060e+02   1.121179e+02
  2.958420e+00   7.444400e+01   1.123593e+02
  2.961180e+00  -1.582020e+02   1.113939e+02
  2.963940e+00   1.259400e+01   1.120102e+02
  2.966700e+00   1.382690e+02   1.130131e+02
  2.969460e+00   1.798570e+02   1.133118e+02
  2.972220e+00   1.356460e+02   1.135148e+02
  2.974980e+00   2.718180e+02   1.148536e+02
  2.977730e+00  -1.287200e+01   1.119801e+02
  2.980490e+00   3.085890e+02   1.146034e+02
  2.983250e+00   3.091010e+02   1.145709e+02
  2.986010e+00   6.049900e+01   1.119993e+02
  2.988770e+00   9.808000e+01   1.125915e+02
  2.991530e+00  -5.147700e+01   1.111341e+02
  2.994290e+00   2.402570e+02   1.136007e+02
  2.997050e+00   1.171930e+02   1.124492e+02
  2.999810e+00   1.634550e+02   1.142189e+02
  3.002570e+00   1.821970e+02   1.129432e+02
  3.005330e+00   4.144100e+01   1.130534e+02
  3.008090e+00   3.242320e+02   1.144931e+02
  3.010850e+00   9.859700e+01   1.122035e+02
  3.013610e+00   3.197400e+01   1.119366e+02
  3.016370e+00   2.431500e+01   1.117516e+02
  3.019130e+00   1.998220e+02   1.131864e+02
  3.021890e+00   1.181450e+02   1.134413e+02
  3.024650e+00   8.844600e+01   1.124217e+02
  3.027410e+00  -5.376000e+01   1.117174e+02
  3.030170e+00  -3.478800e+01   1.107357e+02
  3.032930e+00   2.338200e+01   1.126916e+02
  3.035690e+00   4.845700e+01   1.128421e+02
  3.038450e+00   6.576200e+01   1.124404e+02
  3.041210e+00   7.093800e+01   1.136030e+02
  3.043970e+00  -1.351410e+02   1.105793e+02
  3.046730e+00   1.173090e+02   1.118828e+02
  3.049490e+00   2.618080e+02   1.134891e+02
  3.052240e+00   2.114960e+02   1.135424e+02
  3.055000e+00   3.112960e+02   1.149527e+02
  3.057760e+00   1.407540e+02   1.126771e+02
  3.060520e+00   3.022030e+02   1.141485e+02
  3.063280e+00   1.065400e+02   1.113110e+02
  3.066040e+00  -9.289000e+00   1.117820e+02
  3.068800e+00   1.961400e+02   1.140468e+02
  3.071560e+00   4.024280e+02   1.151992e+02
  3.074320e+00   1.915900e+02   1.134400e+02
  3.077080e+00   1.602290e+02   1.116600e+02
  3.079840e+00   2.884620e+02   1.147926e+02
  3.082600e+00   1.491760e+02   1.129745e+02
  3.085360e+00   1.341000e+02   1.133121e+02
  3.088120e+00   4.015200e+01   1.127433e+02
  3.090880e+00  -1.101820e+02   1.112036e+02
  3.093640e+00   2.896390e+02   1.146402e+02
  3.096400e+00   6.170000e-01   1.102910e+02
  3.099160e+00   1.954970e+02   1.143677e+02
  3.101920e+00   3.128030e+02   1.142856e+02
  3.104680e+00   1.414430e+02   1.131644e+02
  3.107440e+00   7.791000e+01   1.124593e+02
  3.110200e+00   1.091400e+02   1.108346e+02
  3.112960e+00   3.568400e+01   1.123928e+02
  3.115720e+00  -3.125700e+01   1.111295e+02
  3.118480e+00  -5.884300e+01   1.108664e+02
  3.121240e+00   9.807500e+01   1.127398e+02
  3.124000e+00   2.926600e+01   1.125869e+02
  3.126760e+00   1.193900e+01   1.128107e+02
  3.129510e+00   7.733200e+01   1.116789e+02
  3.132270e+00   1.840700e+01   1.124467e+02
  3.135030e+00   1.249210e+02   1.128909e+02
  3.137790e+00  -8.775100e+01   1.112242e+02
  3.140550e+00   1.950200e+01   1.110659e+02
  3.143310e+00   1.346450e+02   1.124078e+02
  3.146070e+00  -8.886000e+00   1.117813e+02
  3.148830e+00   1.633200e+02   1.133520e+02
  3.151590e+00  -2.779000e+00   1.117825e+02
  3.154350e+00   1.624090e+02   1.137523e+02
  3.157110e+00   3.073000e+01   1.128160e+02
  3.159870e+00   2.020510e+02   1.130224e+02
  3.162630e+00   1.227730e+02   1.122805e+02
  3.165390e+00   1.150840e+02   1.111705e+02
  3.168150e+00   1.526320e+02   1.138250e+02
  3.170910e+00   1.055950e+02   1.124544e+02
  3.173670e+00   1.430160e+02   1.122796e+02
  3.176430e+00   3.241750e+02   1.133801e+02
  3.179190e+00   1.318520e+02   1.117037e+02
  3.181950e+00   4.784700e+01   1.109974e+02
  3.184710e+00   2.253900e+02   1.123689e+02
  3.187470e+00   1.760240e+02   1.116880e+02
  3.190230e+00   3.165710e+02   1.134632e+02
  3.192990e+00   3.178680e+02   1.128615e+02
  3.195750e+00   1.332900e+02   1.107829e+02
  3.198510e+00   8.560000e+01   1.110647e+02
  3.201270e+00   4.156200e+01   1.106570e+02
  3.204020e+00   1.927930e+02   1.129192e+02
  3.206780e+00   2.054140e+02   1.130286e+02
  3.209540e+00   2.063510e+02   1.117536e+02
  3.212300e+00   1.150980e+02   1.107683e+02
  3.215060e+00   2.817300e+02   1.126543e+02
  3.217820e+00   1.146800e+01   1.104696e+02
  3.220580e+00   1.234900e+01   1.113103e+02
  3.223340e+00   1.317850e+02   1.126043e+02
  3.226100e+00   4.503800e+01   1.102862e+02
  3.228860e+00   1.662820e+02   1.129937e+02
  3.231620e+00   2.525860e+02   1.133564e+02
  3.234380e+00   4.980700e+01   1.108343e+02
  3.237140e+00   1.554030e+02   1.119737e+02
  3.239900e+00   8.823600e+01   1.124682e+02
  3.242660e+00   1.462950e+02   1.117356e+02
  3.245420e+00   1.855400e+02   1.116725e+02
  3.248180e+00   9.343900e+01   1.120887e+02
  3.250940e+00   9.324200e+01   1.124256e+02
  3.253700e+00   4.106700e+01   1.106617e+02
  3.256460e+00   4.922100e+01   1.111359e+02
  3.259220e+00   2.923770e+02   1.121685e+02
  3.261980e+00   8.836000e+01   1.111545e+02
  3.264740e+00   1.951190e+02   1.130790e+02
  3.267500e+00   3.246100e+02   1.132474e+02
  3.270260e+00   4.793700e+01   1.109988e+02
  3.273020e+00   5.285900e+01   1.117087e+02
  3.275780e+00   2.983910e+02   1.136523e+02
  3.278530e+00   3.062000e+01   1.110815e+02
  3.281290e+00   2.715890e+02   1.118315e+02
  3.284050e+00   2.259320e+02   1.119960e+02
  3.286810e+00   6.631800e+01   1.116924e+02
  3.289570e+00   1.118590e+02   1.119339e+02
  3.292330e+00   1.126620e+02   1.126450e+02
  3.295090e+00   6.500600e+01   1.102062e+02
  3.297850e+00   1.325890e+02   1.115057e+02
  3.300610e+00   2.482200e+01   1.110534e+02
  3.303370e+00  -6.086700e+01   1.099356e+02
  3.306130e+00  -4.788600e+01   1.099880e+02
  3.308890e+00  -7.728600e+01   1.106515e+02
  3.311650e+00  -4.970600e+01   1.111792e+02
  3.314410e+00  -2.101200e+01   1.114184e+02
  3.317170e+00   1.353000e+01   1.099321e+02
  3.319930e+00  -1.533400e+02   1.097034e+02
  3.322690e+00   1.910870e+02   1.122617e+02
  3.325450e+00  -4.525400e+01   1.108431e+02
  3.328210e+00   1.563360e+02   1.126938e+02
  3.330970e+00   9.355200e+01   1.108868e+02
  3.333730e+00   1.717010e+02   1.126009e+02
  3.336490e+00   7.455600e+01   1.127233e+02
  3.339250e+00   3.554140e+02   1.138394e+02
  3.342010e+00   3.529050e+02   1.136740e+02
  3.344770e+00   8.458000e+00   1.108691e+02
  3.347530e+00   1.384000e+02   1.118588e+02
  3.350290e+00   1.876920e+02   1.115178e+02
  3.353040e+00   2.609900e+01   1.110754e+02
  3.355800e+00   2.468600e+01   1.110717e+02
  3.358560e+00   1.893860e+02   1.122594e+02
  3.361320e+00   2.849020e+02   1.131413e+02
  3.364080e+00   1.473080e+02   1.107163e+02
  3.366840e+00   2.031500e+01   1.105063e+02
  3.369600e+00   2.550650e+02   1.137103e+02
  3.372360e+00   1.368330e+02   1.118522e+02
  3.375120e+00   2.509350e+02   1.118216e+02
  3.377880e+00   1.034110e+02   1.109512e+02
  3.380640e+00  -2.743000e+01   1.098577e+02
  3.383400e+00  -5.629200e+01   1.104904e+02
  3.386160e+00  -1.253100e+01   1.098714e+02
  3.388920e+00  -3.071200e+01   1.090481e+02
  3.391680e+00   1.218300e+02   1.108468e+02
  3.394440e+00   1.327800e+02   1.158273e+02
  3.397200e+00   1.857400e+01   1.150384e+02
  3.399960e+00   1.003240e+02   1.173012e+02
  3.402720e+00   2.943390e+02   1.195451e+02
  3.405480e+00   1.514900e+01   1.186867e+02
  3.408240e+00   1.888310e+02   1.216661e+02
  3.411000e+00   3.891400e+02   1.233834e+02
  3.413760e+00   2.198320e+02   1.232466e+02
  3.416520e+00   1.207160e+02   1.231354e+02
  3.419280e+00   2.422830e+02   1.252292e+02
  3.422040e+00   1.128620e+02   1.253632e+02
  3.424800e+00   2.339150e+02   1.268540e+02
  3.427550e+00   2.836620e+02   1.275152e+02
  3.430310e+00  -1.127300e+01   1.264077e+02
  3.433070e+00   2.247510e+02   1.284717e+02
  3.435830e+00  -2.123300e+01   1.276303e+02
  3.438590e+00  -3.218200e+01   1.259539e+02
  3.441350e+00   1.121890e+02   1.249325e+02
  3.444110e+00   1.220310e+02   1.248578e+02
  3.446870e+00   6.124000e+00   1.212325e+02
  3.449630e+00  -2.995700e+01   1.222642e+02
  3.452390e+00  -1.553700e+01   1.195471e+02
  3.455150e+00   6.580900e+01   1.197677e+02
  3.457910e+00   1.427880e+02   1.192498e+02
  3.460670e+00   2.562760e+02   1.204385e+02
  3.463430e+00   8.603000e+01   1.200871e+02
  3.466190e+00   2.551010e+02   1.211868e+02
  3.468950e+00   1.359000e+02   1.196200e+02
  3.471710e+00   1.987440e+02   1.193868e+02
  3.474470e+00   9.699000e+01   1.191817e+02
  3.477230e+00   8.370000e-01   1.180736e+02
  3.479990e+00   2.847600e+02   1.201002e+02
  3.482750e+00   1.084890e+02   1.176362e+02
  3.485510e+00   1.498850e+02   1.195975e+02
  3.488270e+00   9.751700e+01   1.173927e+02
  3.491030e+00   2.047980e+02   1.187201e+02
  3.493790e+00  -1.097900e+01   1.162541e+02
  3.496550e+00   1.472170e+02   1.174234e+02
  3.499310e+00   7.685000e+01   1.172390e+02
  3.502060e+00  -1.106350e+02   1.150605e+02
  3.504820e+00   2.196800e+01   1.169555e+02
  3.507580e+00   1.783340e+02   1.170245e+02
  3.510340e+00   1.246970e+02   1.172377e+02
  3.513100e+00   1.124550e+02   1.183817e+02
  3.515860e+00   1.080110e+02   1.158785e+02
  3.518620e+00   2.652600e+01   1.158825e+02
  3.521380e+00   1.870180e+02   1.166400e+02
  3.524140e+00   2.128300e+01   1.165786e+02
  3.526900e+00   1.534250e+02   1.172564e+02
  3.529660e+00   8.324100e+01   1.157127e+02
  3.532420e+00   2.636620e+02   1.180860e+02
  3.535180e+00   2.818120e+02   1.185071e+02
  3.537940e+00   3.745500e+01   1.156153e+02
  3.540700e+00   2.589800e+01   1.151736e+02
  3.543460e+00   1.455030e+02   1.170894e+02
  3.546220e+00   1.595210e+02   1.178475e+02
  3.548980e+00   2.333200e+01   1.160505e+02
  3.551740e+00   2.657740e+02   1.180255e+02
  3.554500e+00   2.151720e+02   1.175702e+02
  3.557260e+00   9.975700e+01   1.167578e+02
  3.560020e+00   1.293700e+02   1.172829e+02
  3.562780e+00   1.716750e+02   1.163487e+02
  3.565540e+00   7.350100e+01   1.161021e+02
  3.568300e+00   1.653780e+02   1.169318e+02
  3.571060e+00   2.690100e+02   1.170983e+02
  3.573820e+00   4.479000e+00   1.151349e+02
  3.576580e+00   1.692590e+02   1.166118e+02
  3.579330e+00  -5.040200e+01   1.140630e+02
  3.582090e+00   2.591700e+02   1.173971e+02
  3.584850e+00   1.363700e+02   1.159989e+02
  3.587610e+00  -7.145200e+01   1.149833e+02
  3.590370e+00   4.240900e+01   1.163595e+02
  3.593130e+00   1.979080e+02   1.162689e+02
  3.595890e+00   5.200500e+01   1.147090e+02
  3.598650e+00   2.924600e+01   1.143423e+02
  3.601410e+00   8.352700e+01   1.142881e+02
  3.604170e+00   4.079350e+02   1.185858e+02
  3.606930e+00   2.838600e+02   1.165828e+02
  3.609690e+00   2.672800e+01   1.144412e+02
  3.612450e+00   4.440500e+01   1.133760e+02
  3.615210e+00  -6.142000e+00   1.151633e+02
  3.617970e+00   1.139660e+02   1.147943e+02
  3.620730e+00   2.992180e+02   1.143485e+02
  3.623490e+00   7.081300e+01   1.143858e+02
  3.626250e+00   1.675350e+02   1.154649e+02
  3.629010e+00   1.789200e+01   1.132284e+02
  3.631770e+00   1.961240e+02   1.152216e+02
  3.634530e+00   1.796300e+02   1.136766e+02
  3.637290e+00   7.655300e+01   1.139758e+02
  3.640050e+00   3.784780e+02   1.170985e+02
  3.642810e+00   4.875900e+01   1.143146e+02
  3.645570e+00   4.780000e+01   1.138265e+02
  3.648330e+00   9.630000e+01   1.137258e+02
  3.651090e+00   2.826900e+02   1.165049e+02
  3.653840e+00  -6.116000e+00   1.138207e+02
  3.656600e+00   1.539640e+02   1.134176e+02
  3.659360e+00   4.074500e+01   1.147473e+02
  3.662120e+00   3.145390e+02   1.156885e+02
  3.664880e+00   1.052020e+02   1.152022e+02
  3.667640e+00   4.718300e+01   1.148484e+02
  3.670400e+00   2.345550e+02   1.149310e+02
  3.673160e+00   1.906610e+02   1.149156e+02
  3.675920e+00   1.916760e+02   1.143325e+02
  3.678680e+00  -1.773300e+01   1.131156e+02
  3.681440e+00   1.672260e+02   1.155304e+02
  3.684200e+00   2.414280e+02   1.152542e+02
  3.686960e+00  -4.061700e+01   1.132196e+02
  3.689720e+00   6.633400e+01   1.146677e+02
  3.692480e+00  -5.958400e+01   1.113024e+02
  3.695240e+00   2.735000e+01   1.128936e+02
  3.698000e+00  -4.321300e+01   1.130271e+02
  3.700760e+00   3.203860e+02   1.155723e+02
  3.703520e+00   1.687160e+02   1.139147e+02
  3.706280e+00   1.181300e+01   1.130186e+02
  3.709040e+00   1.678660e+02   1.150706e+02
  3.711800e+00   7.257200e+01   1.145533e+02
  3.714560e+00  -1.600540e+02   1.114987e+02
  3.717320e+00   8.843600e+01   1.129986e+02
  3.720080e+00   3.687800e+01   1.132136e+02
  3.722840e+00   1.445250e+02   1.146297e+02
  3.725600e+00  -1.910000e-01   1.127682e+02
  3.728350e+00  -1.936000e+01   1.130692e+02
  3.731110e+00   2.877660e+02   1.156101e+02
  3.733870e+00   1.436380e+02   1.158871e+02
  3.736630e+00  -7.630500e+01   1.127775e+02
  3.739390e+00   3.852000e+01   1.131447e+02
  3.742150e+00   8.674600e+01   1.138401e+02
  3.744910e+00   6.152300e+01   1.131224e+02
  3.747670e+00   3.485410e+02   1.163946e+02
  3.750430e+00   1.870680e+02   1.144696e+02
  3.753190e+00  -1.868690e+02   1.115563e+02
  3.755950e+00   3.842500e+01   1.141691e+02
  3.758710e+00   1.611520e+02   1.145426e+02
  3.761470e+00   4.308800e+01   1.125762e+02
  3.764230e+00  -4.282200e+01   1.135475e+02
  3.766990e+00   2.544350e+02   1.156160e+02
  3.769750e+00  -2.161600e+01   1.121213e+02
  3.772510e+00   7.902000e+01   1.135678e+02
  3.775270e+00   1.412780e+02   1.136677e+02
  3.778030e+00   7.489200e+01   1.142061e+02
  3.780790e+00  -6.624300e+01   1.126964e+02
  3.783550e+00   2.011250e+02   1.143867e+02
  3.786310e+00  -9.465300e+01   1.123330e+02
  3.789070e+00   1.727260e+02   1.147273e+02
  3.791830e+00   1.054190e+02   1.146701e+02
  3.794590e+00   5.232300e+01   1.131637e+02
  3.797350e+00  -3.035100e+01   1.134212e+02
  3.800110e+00   2.602500e+02   1.149787e+02
  3.802860e+00   1.441250e+02   1.146962e+02
  3.805620e+00   1.626020e+02   1.156710e+02
  3.808380e+00   2.456700e+02   1.151977e+02
  3.811140e+00   1.532080e+02   1.143379e+02
  3.813900e+00   1.423710e+02   1.144390e+02
  3.816660e+00   1.899700e+01   1.142688e+02
  3.819420e+00  -6.232100e+01   1.127539e+02
  3.822180e+00  -1.618880e+02   1.126211e+02
  3.824940e+00   3.846000e+00   1.137113e+02
  3.827700e+00   2.313640e+02   1.147803e+02
  3.830460e+00   1.306530e+02   1.141608e+02
  3.833220e+00   1.307030e+02   1.144118e+02
  3.835980e+00   1.055900e+01   1.131886e+02
  3.838740e+00   7.560200e+01   1.138894e+02
  3.841500e+00   3.600500e+01   1.135790e+02
  3.844260e+00   2.809660e+02   1.138956e+02
  3.847020e+00   5.323700e+01   1.137666e+02
  3.849780e+00  -6.694900e+01   1.129829e+02
  3.852540e+00   2.674000e+02   1.146470e+02
  3.855300e+00   2.528900e+01   1.131646e+02
  3.858060e+00  -1.557570e+02   1.116389e+02
  3.860820e+00   1.661460e+02   1.142424e+02
  3.863580e+00   3.159000e+01   1.133965e+02
  3.866340e+00  -5.820000e-01   1.128700e+02
  3.869100e+00   1.736000e+00   1.131738e+02
  3.871860e+00   2.829880e+02   1.152680e+02
  3.874620e+00  -6.634900e+01   1.123373e+02
  3.877370e+00   3.156510e+02   1.144896e+02
  3.880130e+00   3.570400e+01   1.120821e+02
  3.882890e+00   2.068300e+02   1.132186e+02
  3.885650e+00   3.287610e+02   1.154958e+02
  3.888410e+00   1.458350e+02   1.137624e+02
  3.891170e+00  -7.445000e+01   1.114010e+02
  3.893930e+00   7.115100e+01   1.127769e+02
  3.896690e+00   1.176000e+01   1.121435e+02
  3.899450e+00   6.418000e+01   1.122858e+02
  3.902210e+00   1.752420e+02   1.129304e+02
  3.904970e+00   9.411000e+01   1.128207e+02
  3.907730e+00   7.836800e+01   1.131733e+02
  3.910490e+00  -1.008160e+02   1.108414e+02
  3.913250e+00   8.135700e+01   1.114406e+02
  3.916010e+00   7.551600e+01   1.114613e+02
  3.918770e+00   4.246500e+01   1.121443e+02
  3.921530e+00   1.647260e+02   1.143214e+02
  3.924290e+00   2.960460e+02   1.141865e+02
  3.927050e+00   1.725820e+02   1.121383e+02
  3.929810e+00   1.276650e+02   1.133295e+02
  3.932570e+00   2.639200e+01   1.119112e+02
  3.935330e+00   3.043090e+02   1.138468e+02
  3.938090e+00   1.280980e+02   1.124362e+02
  3.940850e+00  -2.959000e+00   1.127735e+02
  3.943610e+00   2.369330e+02   1.138693e+02
  3.946370e+00   1.763070e+02   1.132759e+02
  3.949130e+00   1.515580e+02   1.125795e+02
  3.951880e+00  -1.722820e+02   1.106103e+02
  3.954640e+00   5.515400e+01   1.131976e+02
  3.957400e+00  -8.488900e+01   1.115636e+02
  3.960160e+00  -2.799040e+02   1.090131e+02
  3.962920e+00   4.321200e+01   1.119276e+02
  3.965680e+00   6.736900e+01   1.121846e+02
  3.968440e+00   3.051600e+01   1.126067e+02
  3.971200e+00  -1.272800e+01   1.116413e+02
  3.973960e+00  -4.360000e+00   1.125498e+02
  3.976720e+00   1.347940e+02   1.136917e+02
  3.979480e+00  -4.060600e+01   1.164243e+02
  3.982240e+00   1.002350e+02   1.189605e+02
  3.985000e+00   7.524000e+00   1.193115e+02
  3.987760e+00  -7.298100e+01   1.204313e+02
  3.990520e+00  -6.198000e+00   1.228702e+02
  3.993280e+00   8.213800e+01   1.220824e+02
  3.996040e+00   1.568710e+02   1.253300e+02
  3.998800e+00   2.323470e+02   1.279301e+02
  4.001560e+00  -8.624000e+01   1.258050e+02
  4.004320e+00   4.090440e+02   1.322072e+02
  4.007080e+00   3.661750e+02   1.316117e+02
  4.009840e+00   7.059800e+01   1.292495e+02
  4.012600e+00   1.571470e+02   1.319586e+02
  4.015360e+00   3.517020e+02   1.327501e+02
  4.018120e+00   1.765700e+02   1.328292e+02
  4.020880e+00  -3.298000e+00   1.323168e+02
  4.023640e+00   3.431400e+01   1.352181e+02
  4.026400e+00   1.269900e+02   1.294020e+02
  4.029150e+00  -3.464100e+01   1.258474e+02
  4.031910e+00  -1.792300e+01   1.245992e+02
  4.034670e+00  -1.396080e+02   1.236076e+02
  4.037430e+00  -7.687400e+01   1.232405e+02
  4.040190e+00   1.673950e+02   1.239181e+02
  4.042950e+00  -5.702600e+01   1.204491e+02
  4.045710e+00   2.927670e+02   1.247975e+02
  4.048470e+00   9.428700e+01   1.221026e+02
  4.051230e+00   8.079500e+01   1.221259e+02
  4.053990e+00  -5.097900e+01   1.190463e+02
  4.056750e+00   5.579400e+01   1.210901e+02
  4.059510e+00   2.689710e+02   1.224768e+02
  4.062270e+00  -2.570000e-01   1.204059e+02
  4.065030e+00   3.885600e+01   1.206612e+02
  4.067790e+00  -6.181000e+00   1.189421e+02
  4.070550e+00   4.495600e+01   1.196556e+02
  4.073310e+00   1.288440e+02   1.202044e+02
  4.076070e+00   2.761580e+02   1.201790e+02
  4.078830e+00   6.925100e+01   1.178674e+02
  4.081590e+00   4.073700e+01   1.184981e+02
  4.084350e+00   1.613400e+01   1.181556e+02
  4.087110e+00   8.383000e+00   1.178091e+02
  4.089870e+00   2.857700e+02   1.185689e+02
  4.092630e+00   3.195530e+02   1.195595e+02
  4.095390e+00   1.538980e+02   1.183738e+02
  4.098150e+00   1.887610e+02   1.176615e+02
  4.100910e+00  -2.539120e+02   1.145257e+02
  4.103660e+00  -6.423700e+01   1.161094e+02
  4.106420e+00   3.089000e+00   1.167678e+02
  4.109180e+00   5.311400e+01   1.174862e+02
  4.111940e+00   2.228610e+02   1.172667e+02
  4.114700e+00  -7.520700e+01   1.153197e+02
  4.117460e+00   2.344470e+02   1.187708e+02
  4.120220e+00   3.802000e+00   1.176421e+02
  4.122980e+00   1.799500e+02   1.182458e+02
  4.125740e+00   8.382800e+01   1.168513e+02
  4.128500e+00   1.847490e+02   1.180163e+02
  4.131260e+00   1.412770e+02   1.171780e+02
  4.134020e+00   4.530000e-01   1.157639e+02
  4.136780e+00   4.053400e+02   1.184034e+02
  4.139540e+00  -1.165600e+01   1.148491e+02
  4.142300e+00  -1.342200e+01   1.164431e+02
  4.145060e+00   2.694220e+02   1.183282e+02
  4.147820e+00   4.787000e+00   1.147379e+02
  4.150580e+00   2.080870e+02   1.175536e+02
  4.153340e+00   2.334480e+02   1.173772e+02
  4.156100e+00   7.623000e+00   1.161254e+02
  4.158860e+00  -8.629000e+00   1.146085e+02
  4.161620e+00   1.440300e+01   1.157671e+02
  4.164380e+00   2.176760e+02   1.172194e+02
  4.167140e+00  -1.094210e+02   1.147434e+02
  4.169900e+00   1.327280e+02   1.158091e+02
  4.172660e+00  -6.948100e+01   1.154353e+02
  4.175420e+00   1.531760e+02   1.165809e+02
  4.178170e+00   2.356180e+02   1.176398e+02
  4.180930e+00  -5.225000e+00   1.152951e+02
  4.183690e+00   1.275620e+02   1.158084e+02
  4.186450e+00   1.194470e+02   1.159049e+02
  4.189210e+00   1.126790e+02   1.149658e+02
  4.191970e+00   1.712110e+02   1.160844e+02
  4.194730e+00   1.713900e+01   1.155516e+02
  4.197490e+00  -1.389790e+02   1.137323e+02
  4.200250e+00   1.254150e+02   1.163175e+02
  4.203010e+00   1.715740e+02   1.172272e+02
  4.205770e+00   1.371600e+01   1.143097e+02
  4.208530e+00   2.657000e+02   1.176301e+02
  4.211290e+00   1.733510e+02   1.164590e+02
  4.214050e+00   2.123510e+02   1.166209e+02
  4.216810e+00   2.183710e+02   1.157825e+02
  4.219570e+00   8.750800e+01   1.157614e+02
  4.222330e+00   1.992000e+01   1.149239e+02
  4.225090e+00   1.077010e+02   1.156786e+02
  4.227850e+00   8.541000e+00   1.147662e+02
  4.230610e+00   1.188680e+02   1.166444e+02
  4.233370e+00   8.208100e+01   1.159342e+02
  4.236130e+00   5.062900e+01   1.155032e+02
  4.238890e+00   1.818220e+02   1.163968e+02
  4.241650e+00   1.555730e+02   1.152293e+02
  4.244410e+00   8.427000e+01   1.154455e+02
  4.247170e+00   1.871110e+02   1.175444e+02
  4.249930e+00   1.171300e+01   1.151653e+02
  4.252680e+00   5.308400e+01   1.140303e+02
  4.255440e+00   8.667800e+01   1.147473e+02
  4.258200e+00   2.163690e+02   1.172396e+02
  4.260960e+00   2.097020e+02   1.165007e+02
  4.263720e+00   7.028900e+01   1.145504e+02
  4.266480e+00   1.790460e+02   1.154394e+02
  4.269240e+00   1.355010e+02   1.155316e+02
  4.272000e+00   7.629400e+01   1.161548e+02
  4.274760e+00   6.549800e+01   1.158901e+02
  4.277520e+00   5.549400e+01   1.145214e+02
  4.280280e+00   3.922500e+01   1.141417e+02
  4.283040e+00   5.230600e+01   1.150652e+02
  4.285800e+00   1.691620e+02   1.164570e+02
  4.288560e+00   6.461900e+01   1.155700e+02
  4.291320e+00  -6.584900e+01   1.135034e+02
  4.294080e+00   1.004370e+02   1.156481e+02
  4.296840e+00   7.199900e+01   1.144356e+02
  4.299600e+00   6.211300e+01   1.149690e+02
  4.302360e+00   2.150510e+02   1.160914e+02
  4.305120e+00   4.615350e+02   1.179515e+02
  4.307880e+00  -1.407500e+01   1.143691e+02
  4.310640e+00   1.074120e+02   1.147328e+02
  4.313400e+00   9.174200e+01   1.158900e+02
  4.316160e+00   9.167600e+01   1.147670e+02
  4.318920e+00   3.412400e+01   1.148565e+02
  4.321680e+00   5.483300e+01   1.151716e+02
  4.324440e+00   2.414190e+02   1.155197e+02
  4.327190e+00   3.493200e+01   1.144801e+02
  4.329950e+00   1.013980e+02   1.143139e+02
  4.332710e+00   2.682700e+01   1.140150e+02
  4.335470e+00   3.143500e+02   1.170423e+02
  4.338230e+00   2.751560e+02   1.163273e+02
  4.340990e+00   1.409320e+02   1.149619e+02
  4.343750e+00   1.215570e+02   1.149705e+02
  4.346510e+00  -6.253700e+01   1.132393e+02
  4.349270e+00  -1.087900e+01   1.140996e+02
  4.352030e+00  -1.555100e+01   1.127363e+02
  4.354790e+00   1.177380e+02   1.149634e+02
  4.357550e+00  -1.632200e+01   1.135036e+02
  4.360310e+00   9.306000e+01   1.150298e+02
  4.363070e+00   1.113440e+02   1.144283e+02
  4.365830e+00   1.484330e+02   1.148257e+02
  4.368590e+00   2.618100e+01   1.142142e+02
  4.371350e+00  -1.409600e+01   1.136791e+02
  4.374110e+00   1.526940e+02   1.148394e+02
  4.376870e+00  -2.950000e+01   1.131207e+02
  4.379630e+00  -2.968800e+01   1.134298e+02
  4.382390e+00  -1.541800e+01   1.135402e+02
  4.385150e+00   2.379920e+02   1.161313e+02
  4.387910e+00   2.405620e+02   1.155598e+02
  4.390670e+00  -6.525300e+01   1.132223e+02
  4.393430e+00   2.509660e+02   1.157034e+02
  4.396190e+00  -1.987490e+02   1.121103e+02
  4.398950e+00   1.160270e+02   1.142020e+02
  4.401700e+00  -7.054800e+01   1.125831e+02
  4.404460e+00   2.476130e+02   1.138077e+02
  4.407220e+00   2.355540e+02   1.144531e+02
  4.409980e+00  -4.179900e+01   1.130994e+02
  4.412740e+00   3.240700e+01   1.130965e+02
  4.415500e+00   5.277800e+01   1.130616e+02
  4.418260e+00  -9.191400e+01   1.109966e+02
  4.421020e+00   2.283410e+02   1.145455e+02
  4.423780e+00   1.713030e+02   1.130078e+02
  4.426540e+00  -1.544200e+01   1.114909e+02
  4.429300e+00   7.116600e+01   1.129027e+02
  4.432060e+00   1.055520e+02   1.136788e+02
  4.434820e+00   1.277140e+02   1.137286e+02
  4.437580e+00   6.093200e+01   1.119361e+02
  4.440340e+00   3.167100e+01   1.130863e+02
  4.443100e+00   9.597700e+01   1.128815e+02
  4.445860e+00   2.680040e+02   1.149903e+02
  4.448620e+00   2.040930e+02   1.135841e+02
  4.451380e+00   1.535660e+02   1.130114e+02
  4.454140e+00   2.523320e+02   1.138185e+02
  4.456900e+00   2.342310e+02   1.144224e+02
  4.459660e+00   1.246430e+02   1.130346e+02
  4.462420e+00   2.246490e+02   1.134235e+02
  4.465180e+00   3.997230e+02   1.145758e+02
  4.467940e+00   9.079000e+00   1.117078e+02
  4.470700e+00  -1.817720e+02   1.105528e+02
  4.473460e+00   1.094860e+02   1.135165e+02
  4.476220e+00   1.531170e+02   1.130210e+02
  4.478970e+00   3.828700e+01   1.128453e+02
  4.481730e+00   1.176000e+00   1.116214e+02
  4.484490e+00  -1.119790e+02   1.109530e+02
  4.487250e+00  -3.714000e+00   1.118711e+02
  4.490010e+00  -8.398900e+01   1.113934e+02
  4.492770e+00   5.799700e+01   1.120766e+02
  4.495530e+00   5.429400e+01   1.132006e+02
  4.498290e+00   1.372170e+02   1.129247e+02
  4.501050e+00   4.236500e+01   1.123258e+02
  4.503810e+00   9.270000e-01   1.117030e+02
  4.506570e+00   1.102280e+02   1.127759e+02
  4.509330e+00   2.400890e+02   1.130738e+02
  4.512090e+00   5.225200e+01   1.126891e+02
  4.514850e+00   1.477480e+02   1.132047e+02
  4.517610e+00   1.986210e+02   1.136985e+02
  4.520370e+00   1.907860e+02   1.121989e+02
  4.523130e+00   2.311470e+02   1.137076e+02
  4.525890e+00   4.645800e+01   1.118186e+02
  4.528650e+00   2.499520e+02   1.145548e+02
  4.531410e+00   3.725400e+01   1.119138e+02
  4.534170e+00   2.687320e+02   1.144950e+02
  4.536930e+00   3.019300e+01   1.125582e+02
  4.539690e+00   3.197040e+02   1.146810e+02
  4.542450e+00   2.358220e+02   1.142774e+02
  4.545210e+00   2.011900e+02   1.134801e+02
  4.547970e+00   7.630100e+01   1.131843e+02
  4.550730e+00   5.855600e+01   1.128626e+02
  4.553480e+00   2.827840e+02   1.141594e+02
  4.556240e+00   7.529300e+01   1.115658e+02
  4.559000e+00   2.291190e+02   1.136231e+02
  4.561760e+00   1.484520e+02   1.139985e+02
  4.564520e+00   2.385000e+01   1.165802e+02
  4.567280e+00   1.031780e+02   1.192004e+02
  4.570040e+00   1.959390e+02   1.214826e+02
  4.572800e+00   1.171730e+02   1.216031e+02
  4.575560e+00   1.170800e+02   1.230176e+02
  4.578320e+00  -1.318100e+02   1.218670e+02
  4.581080e+00   1.689210e+02   1.268110e+02
  4.583840e+00   2.648850e+02   1.276949e+02
  4.586600e+00   1.546370e+02   1.297423e+02
  4.589360e+00   1.154980e+02   1.279550e+02
  4.592120e+00   3.202090e+02   1.297128e+02
  4.594880e+00  -2.135600e+01   1.303147e+02
  4.597640e+00   1.455890e+02   1.310598e+02
  4.600400e+00   2.265090e+02   1.331751e+02
  4.603160e+00   1.972220e+02   1.327003e+02
  4.605920e+00   6.062000e+00   1.313618e+02
  4.608680e+00   7.739100e+01   1.347454e+02
  4.611440e+00  -8.763700e+01   1.337890e+02
  4.614200e+00  -9.913100e+01   1.335101e+02
  4.616960e+00   9.522700e+01   1.361925e+02
  4.619720e+00   1.054700e+02   1.388980e+02
  4.622480e+00   1.077170e+02   1.393526e+02
  4.625240e+00  -2.086310e+02   1.359959e+02
  4.627990e+00  -2.340250e+02   1.385340e+02
  4.630750e+00   8.849200e+01   1.417948e+02
  4.633510e+00   6.567000e+01   1.419225e+02
  4.636270e+00  -2.594600e+01   1.424859e+02
  4.639030e+00   9.070500e+01   1.429990e+02
  4.641790e+00   1.313920e+02   1.445974e+02
  4.644550e+00  -6.774200e+01   1.448164e+02
  4.647310e+00   4.557900e+01   1.449088e+02
  4.650070e+00  -1.323690e+02   1.444532e+02
  4.652830e+00   3.852900e+01   1.471466e+02
  4.655590e+00   2.362810e+02   1.516437e+02
  4.658350e+00   4.130100e+01   1.495562e+02
  4.661110e+00   7.064900e+01   1.491894e+02
  4.663870e+00   9.918000e+01   1.515066e+02
  4.666630e+00  -1.745140e+02   1.506927e+02
  4.669390e+00   1.634290e+02   1.565209e+02
  4.672150e+00   2.319370e+02   1.567377e+02
  4.674910e+00   1.886800e+02   1.551183e+02
  4.677670e+00   8.183500e+01   1.573376e+02
  4.680430e+00  -7.923600e+01   1.571953e+02
  4.683190e+00   1.954120e+02   1.598610e+02
  4.685950e+00   1.612020e+02   1.610717e+02
  4.688710e+00   2.054100e+02   1.624251e+02
  4.691470e+00  -1.083320e+02   1.595685e+02
  4.694230e+00   1.954360e+02   1.617667e+02
  4.696990e+00  -1.567960e+02   1.593284e+02
  4.699750e+00   2.770430e+02   1.659970e+02
  4.702500e+00   1.680800e+01   1.655372e+02
  4.705260e+00   2.330960e+02   1.701197e+02
  4.708020e+00   1.282130e+02   1.680976e+02
  4.710780e+00   2.651020e+02   1.701167e+02
  4.713540e+00   2.394000e+00   1.682175e+02
  4.716300e+00   2.202230e+02   1.744448e+02
  4.719060e+00  -1.517000e+00   1.678218e+02
  4.721820e+00   4.491280e+02   1.778395e+02
  4.724580e+00   1.785700e+02   1.756486e+02
  4.727340e+00   2.745360e+02   1.777318e+02
  4.730100e+00   1.434420e+02   1.769453e+02
  4.732860e+00  -3.738200e+02   1.723695e+02
  4.735620e+00   1.900710e+02   1.812458e+02
  4.738380e+00  -1.788340e+02   1.761631e+02
  4.741140e+00   3.449800e+02   1.826519e+02
  4.743900e+00   9.936900e+01   1.812515e+02
  4.746660e+00   3.352300e+01   1.826431e+02
  4.749420e+00  -1.925360e+02   1.816925e+02
  4.752180e+00   2.493790e+02   1.914380e+02
  4.754940e+00   2.098050e+02   1.877161e+02
  4.757700e+00   3.516640e+02   1.914692e+02
  4.760460e+00   1.711980e+02   1.917125e+02
  4.763220e+00   1.968090e+02   1.955766e+02
  4.765980e+00   5.224740e+02   1.996389e+02
  4.768740e+00   2.756470e+02   1.972742e+02
  4.771500e+00   2.214990e+02   1.986344e+02
  4.774260e+00   2.079160e+02   1.960974e+02
  4.777010e+00   4.551800e+01   1.978822e+02
  4.779770e+00  -1.326810e+02   1.962866e+02
  4.782530e+00   1.490370e+02   2.014633e+02
  4.785290e+00  -1.602200e+01   1.986376e+02
  4.788050e+00   2.178620e+02   2.055295e+02
  4.790810e+00   3.977770e+02   2.092142e+02
  4.793570e+00   1.903460e+02   2.064744e+02
  4.796330e+00   2.580860e+02   2.118224e+02
  4.799090e+00  -4.881300e+01   2.101440e+02
  4.801850e+00   1.612000e+02   2.116283e+02
  4.804610e+00  -1.875430e+02   2.128160e+02
  4.807370e+00   1.913740e+02   2.186641e+02
  4.810130e+00   1.381900e+02   2.176654e+02
  4.812890e+00   1.792150e+02   2.172547e+02
  4.815650e+00   3.511020e+02   2.271165e+02
  4.818410e+00   1.229760e+02   2.221992e+02
  4.821170e+00  -2.175030e+02   2.236545e+02
  4.823930e+00   2.422880e+02   2.292604e+02
  4.826690e+00   1.685210e+02   2.307953e+02
  4.829450e+00   3.767150e+02   2.342702e+02
  4.832210e+00  -1.310900e+01   2.303992e+02
  4.834970e+00   3.256270e+02   2.381063e+02
  4.837730e+00   2.493620e+02   2.409888e+02
  4.840490e+00  -4.983100e+01   2.389988e+02
  4.843250e+00   1.269430e+02   2.424845e+02
  4.846010e+00  -3.634820e+02   2.380904e+02
  4.848770e+00   1.966550e+02   2.494705e+02
  4.851520e+00   5.464400e+01   2.516668e+02
  4.854280e+00   2.048360e+02   2.543300e+02
  4.857040e+00   2.492200e+02   2.643040e+02
  4.859800e+00   1.755160e+02   2.562071e+02
  4.862560e+00   1.677310e+02   2.625029e+02
  4.865320e+00   2.989240e+02   2.720683e+02
  4.868080e+00  -7.140200e+01   2.625733e+02
  4.870840e+00   5.727000e+01   2.653477e+02
  4.873600e+00   2.936980e+02   2.778221e+02
  4.876360e+00   1.445400e+01   2.731623e+02
  4.879120e+00  -1.789590e+02   2.763764e+02
  4.881880e+00   4.386400e+01   2.814720e+02
  4.884640e+00   3.332960e+02   2.999039e+02
  4.887400e+00   3.101220e+02   3.035829e+02
  4.890160e+00  -1.694960e+02   3.000830e+02
  4.892920e+00   3.274410e+02   3.098261e+02
  4.895680e+00  -9.257000e+01   2.962072e+02
  4.898440e+00  -1.043920e+02   3.096995e+02
  4.901200e+00   3.049770e+02   3.175954e+02
  4.903960e+00   1.725530e+02   3.310632e+02
  4.906720e+00   3.720800e+01   3.169041e+02
  4.909480e+00   9.785080e+02   3.592021e+02
  4.912240e+00   1.636500e+01   3.443157e+02
  4.915000e+00   1.977440e+02   3.536524e+02
  4.917760e+00  -3.291080e+02   3.180082e+02
  4.920520e+00   2.266560e+02   3.604681e+02
  4.923280e+00   1.132200e+01   3.526693e+02
  4.926040e+00  -4.300700e+01   3.721878e+02
  4.928790e+00  -4.429590e+02   3.406699e+02
  4.931550e+00  -4.292040e+02   3.508064e+02
  4.934310e+00   8.162000e+00   3.725752e+02
  4.937070e+00   2.954510e+02   3.866300e+02
  4.939830e+00  -1.345050e+02   3.640085e+02
  4.942590e+00   2.311260e+02   3.725090e+02
  4.945350e+00  -1.874220e+02   3.897881e+02
  4.948110e+00  -3.914900e+01   3.861370e+02
  4.950870e+00   2.958220e+02   4.105871e+02
  4.953630e+00  -4.124200e+01   3.958815e+02
  4.956390e+00  -4.668100e+02   3.863973e+02
  4.959150e+00   5.311500e+01   4.132157e+02
  4.961910e+00   3.179400e+01   4.206201e+02
  4.964670e+00   1.707730e+02   4.150609e+02
  4.967430e+00   1.565810e+02   4.293307e+02
  4.970190e+00   2.191600e+01   4.267078e+02
  4.972950e+00   1.226580e+02   4.593663e+02
  4.975710e+00   3.585630e+02   4.622980e+02
  4.978470e+00   3.912480e+02   4.787640e+02
  4.981230e+00   7.685830e+02   4.798939e+02
  4.983990e+00   5.103110e+02   5.069345e+02
  4.986750e+00   2.188000e+01   5.007391e+02
  4.989510e+00   5.998000e+02   4.824772e+02
  4.992270e+00  -7.020030e+02   4.712490e+02
  4.995030e+00  -7.729330e+02   4.807900e+02
  4.997790e+00   4.403620e+02   5.136383e+02
  5.000550e+00  -1.001729e+03   4.546688e+02
  5.003300e+00  -4.471490e+02   4.939356e+02
  5.006060e+00  -4.711920e+02   5.037137e+02
  5.008820e+00  -4.883420e+02   5.261804e+02
  5.011580e+00  -2.366230e+02   5.155923e+02
  5.014340e+00  -5.481290e+02   5.466381e+02
  5.017100e+00   6.743510e+02   5.820629e+02
  5.019860e+00   9.363780e+02   6.349614e+02
  5.022620e+00   3.973050e+02   6.401095e+02
  5.025380e+00   1.539702e+03   6.934934e+02
  5.028140e+00  -2.530200e+01   6.441072e+02
  5.030900e+00  -2.402460e+02   6.546444e+02
  5.033660e+00  -2.962270e+02   6.642846e+02
  5.036420e+00   3.606100e+01   6.832704e+02
  5.039180e+00   3.917140e+02   7.548519e+02
  5.041940e+00   1.214613e+03   8.638598e+02
  5.044700e+00  -2.147990e+02   7.505398e+02
  5.047460e+00   3.287990e+02   8.136870e+02
  5.050220e+00  -5.329590e+02   8.315796e+02
  5.052980e+00  -1.162038e+03   8.499378e+02
  5.055740e+00   1.103760e+02   1.075409e+03
  5.058500e+00   3.885420e+02   1.104226e+03
  5.061260e+00  -1.979150e+02   9.743655e+02
  5.064020e+00  -9.398770e+02   1.168300e+03
working-directory: /dataInt/p12/graewert/2017-09-15/BatchMode3
angular-axis-file: etc/radial-averaging/saxs-2/saxis_saxs2_20170822.dat
beamstop-mask-file: etc/radial-averaging/saxs-2/mask_saxs2_20170822.msk
detector-response-file: none
flatfield-file: none
beam-center-x: 667.1000
beam-center-y: 1652.2000
unit-time: 100.0000
channel-first: 7
channel-last: 1833
angular-unit: nanometer
PETRA Current: 100.84
Wavelength [nm]: 1.240
Bragg Angle [mrad]: 10.953
QBPM 1: 3.585e-7
Diode 2: 6.522e-8
Diode 1: 7.869e-11
SC Target Temperature: nan
SC Current Temperature: 21.2
SEU Target Temperature: nan
SEU Current Temperature: 20.4
Detector Position: 2
Run Number: 13
Partial Specific Volume [cm^3/g]: 0.732
Buffer: buffer
Exposure time [s]: 0.045
Concentration [mg/ml]: 3.05
Contrast [10^10cm^-2]: 2.953
Exposure Delay [s]: 0.000
Sample: BSA_pI
Code: BSA_pI_buffer
Exposure period [s]: 0.050
Transmitted Beam (mean): .3365
parent: analysis/processed/averaged/BSA_pI_buffer_0013_sample.dat
parent: analysis/processed/averaged/BSA_pI_buffer_0013_buffer.dat
creator: datop
creator-version: v0.4 (r9729)
datop-operation: analysis/processed/averaged/BSA_pI_buffer_0013_sample.dat SUB analysis/processed/averaged/BSA_pI_buffer_0013_buffer.dat
