Sample description: 
Sample:   c= 14.3167 mg/ml  Code: BSA_pI_buffer
Parent(s): C:/Users/Надюсик-лапатусик/YandexDisk-station.rsa/BatchMode3/analysis/processed/subtracted/BSA_pI_buffer_0004_sub.dat C:/Users/Надюсик-лапатусик/YandexDisk-station.rsa/BatchMode3/analysis/processed/subtracted/BSA_pI_buffer_0007_sub.dat C:/Users/Надюсик-лапатусик/YandexDisk-station.rsa/BatchMode3/analysis/processed/subtracted/BSA_pI_buffer_0010_sub.dat  
 2.492870e-002  2.371000e+005  2.008947e+004
 2.768840e-002  2.918354e+005  1.706372e+004
 3.044800e-002  2.832953e+005  1.318726e+004
 3.320760e-002  2.913709e+005  1.014838e+004
 3.596720e-002  2.836872e+005  7.911831e+003
 3.872690e-002  2.886358e+005  6.736775e+003
 4.148650e-002  2.879599e+005  5.733977e+003
 4.424610e-002  2.850613e+005  4.813357e+003
 4.700580e-002  2.908297e+005  4.166199e+003
 4.976540e-002  2.872274e+005  3.671330e+003
 5.252500e-002  2.956716e+005  3.400311e+003
 5.528470e-002  2.901460e+005  3.140426e+003
 5.804430e-002  2.939508e+005  2.880970e+003
 6.080390e-002  2.932275e+005  2.741753e+003
 6.356360e-002  2.893918e+005  2.529129e+003
 6.632320e-002  2.911830e+005  2.456148e+003
 6.908280e-002  2.884499e+005  2.337140e+003
 7.184250e-002  2.863350e+005  2.211323e+003
 7.460210e-002  2.870722e+005  2.203225e+003
 7.736170e-002  2.851616e+005  2.085756e+003
 8.012140e-002  2.880655e+005  2.088403e+003
 8.288100e-002  2.895366e+005  2.087071e+003
 8.564060e-002  2.890554e+005  2.087112e+003
 8.840030e-002  2.871966e+005  2.084178e+003
 9.115990e-002  2.882172e+005  1.995569e+003
 9.391950e-002  2.854684e+005  2.019629e+003
 9.667920e-002  2.819766e+005  1.984493e+003
 9.943880e-002  2.836663e+005  1.944464e+003
 1.021980e-001  2.853268e+005  1.943366e+003
 1.049580e-001  2.799199e+005  1.871377e+003
 1.077180e-001  2.794378e+005  1.900230e+003
 1.104770e-001  2.781479e+005  1.863122e+003
 1.132370e-001  2.818916e+005  1.809878e+003
 1.159970e-001  2.797157e+005  1.834987e+003
 1.187560e-001  2.793639e+005  1.759977e+003
 1.215160e-001  2.779388e+005  1.785187e+003
 1.242750e-001  2.772077e+005  1.780690e+003
 1.270350e-001  2.744445e+005  1.697010e+003
 1.297950e-001  2.758708e+005  1.749573e+003
 1.325540e-001  2.765391e+005  1.672588e+003
 1.353140e-001  2.729154e+005  1.687949e+003
 1.380740e-001  2.752740e+005  1.661814e+003
 1.408330e-001  2.741483e+005  1.631848e+003
 1.435930e-001  2.721374e+005  1.649822e+003
 1.463530e-001  2.728105e+005  1.612654e+003
 1.491120e-001  2.705499e+005  1.635044e+003
 1.518720e-001  2.710696e+005  1.593715e+003
 1.546310e-001  2.721302e+005  1.587519e+003
 1.573910e-001  2.719635e+005  1.573623e+003
 1.601510e-001  2.672808e+005  1.538530e+003
 1.629100e-001  2.670973e+005  1.551662e+003
 1.656700e-001  2.688930e+005  1.516048e+003
 1.684300e-001  2.636015e+005  1.504654e+003
 1.711890e-001  2.654087e+005  1.498080e+003
 1.739490e-001  2.709005e+005  1.470975e+003
 1.767080e-001  2.602956e+005  1.468350e+003
 1.794680e-001  2.609514e+005  1.435960e+003
 1.822280e-001  2.615848e+005  1.460009e+003
 1.849870e-001  2.576062e+005  1.396022e+003
 1.877470e-001  2.598580e+005  1.413390e+003
 1.905070e-001  2.569656e+005  1.411783e+003
 1.932660e-001  2.573710e+005  1.377609e+003
 1.960260e-001  2.546088e+005  1.392509e+003
 1.987860e-001  2.560678e+005  1.348272e+003
 2.015450e-001  2.520729e+005  1.358485e+003
 2.043050e-001  2.515942e+005  1.336106e+003
 2.070640e-001  2.533924e+005  1.327208e+003
 2.098240e-001  2.509536e+005  1.336100e+003
 2.125840e-001  2.487785e+005  1.300815e+003
 2.153430e-001  2.462080e+005  1.312947e+003
 2.181030e-001  2.454647e+005  1.289214e+003
 2.208630e-001  2.460252e+005  1.264433e+003
 2.236220e-001  2.464903e+005  1.286392e+003
 2.263820e-001  2.423813e+005  1.253285e+003
 2.291410e-001  2.423097e+005  1.264234e+003
 2.319010e-001  2.412760e+005  1.229506e+003
 2.346610e-001  2.412653e+005  1.226271e+003
 2.374200e-001  2.394522e+005  1.237049e+003
 2.401800e-001  2.388419e+005  1.210117e+003
 2.429400e-001  2.355487e+005  1.204056e+003
 2.456990e-001  2.368709e+005  1.189708e+003
 2.484590e-001  2.355754e+005  1.188043e+003
 2.512190e-001  2.350503e+005  1.186941e+003
 2.539780e-001  2.303414e+005  1.150883e+003
 2.567380e-001  2.299274e+005  1.166717e+003
 2.594970e-001  2.293328e+005  1.143136e+003
 2.622570e-001  2.287994e+005  1.153657e+003
 2.650170e-001  2.263601e+005  1.130651e+003
 2.677760e-001  2.270286e+005  1.118793e+003
 2.705360e-001  2.246804e+005  1.126216e+003
 2.732960e-001  2.256231e+005  1.108681e+003
 2.760550e-001  2.229808e+005  1.114159e+003
 2.788150e-001  2.222470e+005  1.086003e+003
 2.815740e-001  2.207502e+005  1.093149e+003
 2.843340e-001  2.206577e+005  1.087882e+003
 2.870940e-001  2.201378e+005  1.076086e+003
 2.898530e-001  2.184813e+005  1.066992e+003
 2.926130e-001  2.165142e+005  1.045230e+003
 2.953730e-001  2.147063e+005  1.058585e+003
 2.981320e-001  2.146598e+005  1.050748e+003
 3.008920e-001  2.132523e+005  1.033880e+003
 3.036520e-001  2.126796e+005  1.028022e+003
 3.064110e-001  2.108261e+005  1.020879e+003
 3.091710e-001  2.094040e+005  1.025402e+003
 3.119300e-001  2.083129e+005  1.006853e+003
 3.146900e-001  2.068950e+005  1.002516e+003
 3.174500e-001  2.046876e+005  9.959619e+002
 3.202090e-001  2.042109e+005  9.806139e+002
 3.229690e-001  2.024915e+005  9.898523e+002
 3.257290e-001  2.026271e+005  9.639303e+002
 3.284880e-001  1.995400e+005  9.733904e+002
 3.312480e-001  1.995293e+005  9.674589e+002
 3.340070e-001  1.977415e+005  9.509943e+002
 3.367670e-001  1.953422e+005  9.406612e+002
 3.395270e-001  1.958371e+005  9.318469e+002
 3.422860e-001  1.945781e+005  9.427451e+002
 3.450460e-001  1.935798e+005  9.325617e+002
 3.478060e-001  1.928169e+005  9.198450e+002
 3.505650e-001  1.923749e+005  9.238573e+002
 3.533250e-001  1.891915e+005  9.035443e+002
 3.560850e-001  1.890766e+005  9.133732e+002
 3.588440e-001  1.882966e+005  8.938857e+002
 3.616040e-001  1.862339e+005  8.897447e+002
 3.643630e-001  1.861922e+005  8.946349e+002
 3.671230e-001  1.846337e+005  8.840318e+002
 3.698830e-001  1.818772e+005  8.809257e+002
 3.726420e-001  1.826852e+005  8.612245e+002
 3.754020e-001  1.797917e+005  8.686334e+002
 3.781620e-001  1.822948e+005  8.629865e+002
 3.809210e-001  1.786867e+005  8.533616e+002
 3.836810e-001  1.781706e+005  8.502808e+002
 3.864410e-001  1.764682e+005  8.373156e+002
 3.892000e-001  1.735395e+005  8.418849e+002
 3.919600e-001  1.741985e+005  8.285269e+002
 3.947190e-001  1.720671e+005  8.232971e+002
 3.974790e-001  1.728723e+005  8.243625e+002
 4.002390e-001  1.699591e+005  8.133728e+002
 4.029980e-001  1.699844e+005  8.206206e+002
 4.057580e-001  1.677877e+005  7.996248e+002
 4.085180e-001  1.679862e+005  8.031241e+002
 4.112770e-001  1.658809e+005  7.950995e+002
 4.140370e-001  1.660714e+005  7.925746e+002
 4.167960e-001  1.634798e+005  7.934665e+002
 4.195560e-001  1.634028e+005  7.735049e+002
 4.223160e-001  1.604175e+005  7.784989e+002
 4.250750e-001  1.614918e+005  7.700812e+002
 4.278350e-001  1.575821e+005  7.618622e+002
 4.305950e-001  1.578722e+005  7.661936e+002
 4.333540e-001  1.562227e+005  7.544366e+002
 4.361140e-001  1.554239e+005  7.619260e+002
 4.388740e-001  1.562118e+005  7.497188e+002
 4.416330e-001  1.537242e+005  7.394308e+002
 4.443930e-001  1.520214e+005  7.376463e+002
 4.471520e-001  1.521435e+005  7.315962e+002
 4.499120e-001  1.498932e+005  7.326586e+002
 4.526720e-001  1.487343e+005  7.160162e+002
 4.554310e-001  1.468568e+005  7.152801e+002
 4.581910e-001  1.462440e+005  7.117346e+002
 4.609510e-001  1.469053e+005  7.131935e+002
 4.637100e-001  1.446091e+005  7.074494e+002
 4.664700e-001  1.427417e+005  6.947249e+002
 4.692290e-001  1.404517e+005  7.160593e+002
 4.719890e-001  1.415862e+005  7.199656e+002
 4.747490e-001  1.398712e+005  7.306499e+002
 4.775080e-001  1.388560e+005  7.265751e+002
 4.802680e-001  1.370037e+005  7.282706e+002
 4.830280e-001  1.369944e+005  7.501188e+002
 4.857870e-001  1.349061e+005  7.461755e+002
 4.885470e-001  1.335429e+005  7.588353e+002
 4.913070e-001  1.338835e+005  7.655507e+002
 4.940660e-001  1.316450e+005  7.625882e+002
 4.968260e-001  1.311966e+005  7.745519e+002
 4.995850e-001  1.297302e+005  7.652434e+002
 5.023450e-001  1.297527e+005  7.772850e+002
 5.051050e-001  1.280896e+005  7.651008e+002
 5.078640e-001  1.281121e+005  7.702959e+002
 5.106240e-001  1.267398e+005  7.684854e+002
 5.133840e-001  1.247035e+005  7.439978e+002
 5.161430e-001  1.234746e+005  7.303511e+002
 5.189030e-001  1.218641e+005  6.981832e+002
 5.216620e-001  1.226158e+005  7.002625e+002
 5.244220e-001  1.204288e+005  6.877395e+002
 5.271820e-001  1.187721e+005  6.689876e+002
 5.299410e-001  1.198115e+005  6.746752e+002
 5.327010e-001  1.186097e+005  6.582085e+002
 5.354610e-001  1.165261e+005  6.567526e+002
 5.382200e-001  1.154322e+005  6.504090e+002
 5.409800e-001  1.151324e+005  6.393370e+002
 5.437400e-001  1.139287e+005  6.373627e+002
 5.464990e-001  1.126324e+005  6.290501e+002
 5.492590e-001  1.127393e+005  6.314288e+002
 5.520180e-001  1.108556e+005  6.194584e+002
 5.547780e-001  1.100625e+005  6.164315e+002
 5.575380e-001  1.091941e+005  6.113900e+002
 5.602970e-001  1.079833e+005  5.999393e+002
 5.630570e-001  1.071563e+005  6.032300e+002
 5.658170e-001  1.071057e+005  5.940591e+002
 5.685760e-001  1.054395e+005  5.939342e+002
 5.713360e-001  1.054640e+005  5.871801e+002
 5.740950e-001  1.036416e+005  5.844778e+002
 5.768550e-001  1.038239e+005  5.859996e+002
 5.796150e-001  1.027578e+005  5.738021e+002
 5.823740e-001  1.018927e+005  5.709419e+002
 5.851340e-001  1.001255e+005  5.629723e+002
 5.878940e-001  9.946829e+004  5.660425e+002
 5.906530e-001  9.850723e+004  5.613551e+002
 5.934130e-001  9.787817e+004  5.500390e+002
 5.961730e-001  9.635295e+004  5.537861e+002
 5.989320e-001  9.634051e+004  5.452551e+002
 6.016920e-001  9.463075e+004  5.446888e+002
 6.044510e-001  9.276030e+004  5.368617e+002
 6.072110e-001  9.286749e+004  5.281267e+002
 6.099710e-001  9.138558e+004  5.315130e+002
 6.127300e-001  9.154979e+004  5.252879e+002
 6.154900e-001  9.043008e+004  5.250069e+002
 6.182500e-001  8.958893e+004  5.182891e+002
 6.210090e-001  8.783070e+004  5.157022e+002
 6.237690e-001  8.805244e+004  5.145851e+002
 6.265280e-001  8.664690e+004  5.056112e+002
 6.292880e-001  8.748226e+004  5.087338e+002
 6.320480e-001  8.463000e+004  4.968613e+002
 6.348070e-001  8.422043e+004  5.013920e+002
 6.375670e-001  8.432201e+004  5.001713e+002
 6.403270e-001  8.440361e+004  4.933071e+002
 6.430860e-001  8.311469e+004  4.917850e+002
 6.458460e-001  8.187635e+004  4.848784e+002
 6.486060e-001  8.035459e+004  4.822715e+002
 6.513650e-001  8.064322e+004  4.796050e+002
 6.541250e-001  7.919246e+004  4.750624e+002
 6.568840e-001  7.900444e+004  4.758055e+002
 6.596440e-001  7.796905e+004  4.693098e+002
 6.624040e-001  7.731976e+004  4.700526e+002
 6.651630e-001  7.663685e+004  4.612622e+002
 6.679230e-001  7.541246e+004  4.625862e+002
 6.706830e-001  7.479097e+004  4.580362e+002
 6.734420e-001  7.400946e+004  4.542435e+002
 6.762020e-001  7.336031e+004  4.474211e+002
 6.789610e-001  7.240342e+004  4.450197e+002
 6.817210e-001  7.181267e+004  4.436174e+002
 6.844810e-001  7.156706e+004  4.426403e+002
 6.872400e-001  7.037607e+004  4.351688e+002
 6.900000e-001  6.926775e+004  4.344830e+002
 6.927600e-001  6.871730e+004  4.310480e+002
 6.955190e-001  6.856017e+004  4.301906e+002
 6.982790e-001  6.723918e+004  4.220740e+002
 7.010390e-001  6.642352e+004  4.193275e+002
 7.037980e-001  6.601520e+004  4.225391e+002
 7.065580e-001  6.572329e+004  4.198655e+002
 7.093170e-001  6.529986e+004  4.169741e+002
 7.120770e-001  6.423567e+004  4.129366e+002
 7.148370e-001  6.306232e+004  4.105749e+002
 7.175960e-001  6.303762e+004  4.087233e+002
 7.203560e-001  6.277341e+004  4.081064e+002
 7.231160e-001  6.140790e+004  4.021576e+002
 7.258750e-001  6.127143e+004  4.014284e+002
 7.286350e-001  6.027435e+004  3.986697e+002
 7.313940e-001  6.019985e+004  3.968432e+002
 7.341540e-001  5.920224e+004  3.920048e+002
 7.369140e-001  5.806823e+004  3.925797e+002
 7.396730e-001  5.725993e+004  3.863185e+002
 7.424330e-001  5.684377e+004  3.874195e+002
 7.451930e-001  5.680975e+004  3.803534e+002
 7.479520e-001  5.595815e+004  3.801367e+002
 7.507120e-001  5.548941e+004  3.803463e+002
 7.534720e-001  5.450500e+004  3.749360e+002
 7.562310e-001  5.442156e+004  3.768174e+002
 7.589910e-001  5.355683e+004  3.674696e+002
 7.617500e-001  5.307454e+004  3.691511e+002
 7.645100e-001  5.335412e+004  3.680357e+002
 7.672700e-001  5.122716e+004  3.628133e+002
 7.700290e-001  5.146218e+004  3.612927e+002
 7.727890e-001  5.073008e+004  3.581491e+002
 7.755490e-001  5.048113e+004  3.611830e+002
 7.783080e-001  4.978633e+004  3.533651e+002
 7.810680e-001  4.928256e+004  3.519684e+002
 7.838280e-001  4.931786e+004  3.516175e+002
 7.865870e-001  4.790343e+004  3.468327e+002
 7.893470e-001  4.763851e+004  3.505142e+002
 7.921060e-001  4.672589e+004  3.388222e+002
 7.948660e-001  4.703236e+004  3.434684e+002
 7.976260e-001  4.580436e+004  3.407943e+002
 8.003850e-001  4.600846e+004  3.377549e+002
 8.031450e-001  4.495920e+004  3.363496e+002
 8.059050e-001  4.438777e+004  3.295514e+002
 8.086640e-001  4.326574e+004  3.307232e+002
 8.114240e-001  4.388758e+004  3.289725e+002
 8.141830e-001  4.267565e+004  3.252018e+002
 8.169430e-001  4.254661e+004  3.252307e+002
 8.197030e-001  4.251828e+004  3.225596e+002
 8.224620e-001  4.163120e+004  3.233908e+002
 8.252220e-001  4.073396e+004  3.175656e+002
 8.279820e-001  4.078332e+004  3.157207e+002
 8.307410e-001  4.025681e+004  3.153167e+002
 8.335010e-001  3.951002e+004  3.105406e+002
 8.362610e-001  3.872043e+004  3.118109e+002
 8.390200e-001  3.850209e+004  3.051302e+002
 8.417800e-001  3.832401e+004  3.076977e+002
 8.445390e-001  3.772400e+004  3.055366e+002
 8.472990e-001  3.744801e+004  3.029984e+002
 8.500590e-001  3.682551e+004  3.000069e+002
 8.528180e-001  3.583292e+004  2.957045e+002
 8.555780e-001  3.568684e+004  2.973886e+002
 8.583380e-001  3.603464e+004  2.960501e+002
 8.610970e-001  3.555509e+004  2.963194e+002
 8.638570e-001  3.498793e+004  2.911139e+002
 8.666160e-001  3.512474e+004  2.919880e+002
 8.693760e-001  3.418620e+004  2.903340e+002
 8.721360e-001  3.358014e+004  2.871958e+002
 8.748950e-001  3.348530e+004  2.950739e+002
 8.776550e-001  3.200326e+004  2.896107e+002
 8.804150e-001  3.214601e+004  2.918373e+002
 8.831740e-001  3.181375e+004  2.929775e+002
 8.859340e-001  3.173278e+004  2.884368e+002
 8.886940e-001  3.133419e+004  2.914274e+002
 8.914530e-001  3.116943e+004  2.871788e+002
 8.942130e-001  3.077383e+004  2.820926e+002
 8.969720e-001  3.024213e+004  2.769008e+002
 8.997320e-001  2.980632e+004  2.725809e+002
 9.024920e-001  2.970997e+004  2.750834e+002
 9.052510e-001  2.906562e+004  2.690599e+002
 9.080110e-001  2.863795e+004  2.691634e+002
 9.107710e-001  2.872869e+004  2.687032e+002
 9.135300e-001  2.841109e+004  2.658646e+002
 9.162900e-001  2.805345e+004  2.654264e+002
 9.190490e-001  2.755180e+004  2.603163e+002
 9.218090e-001  2.713490e+004  2.606791e+002
 9.245690e-001  2.655930e+004  2.571760e+002
 9.273280e-001  2.633087e+004  2.571504e+002
 9.300880e-001  2.637220e+004  2.577045e+002
 9.328480e-001  2.638405e+004  2.534560e+002
 9.356070e-001  2.553754e+004  2.537480e+002
 9.383670e-001  2.553883e+004  2.513128e+002
 9.411270e-001  2.490868e+004  2.498785e+002
 9.438860e-001  2.459009e+004  2.475074e+002
 9.466460e-001  2.439381e+004  2.459588e+002
 9.494050e-001  2.377112e+004  2.456658e+002
 9.521650e-001  2.408597e+004  2.430096e+002
 9.549250e-001  2.327176e+004  2.426743e+002
 9.576840e-001  2.346141e+004  2.410343e+002
 9.604440e-001  2.287826e+004  2.392927e+002
 9.632040e-001  2.214467e+004  2.379574e+002
 9.659630e-001  2.253900e+004  2.351181e+002
 9.687230e-001  2.180844e+004  2.355646e+002
 9.714820e-001  2.169408e+004  2.314946e+002
 9.742420e-001  2.160539e+004  2.336502e+002
 9.770020e-001  2.159515e+004  2.336396e+002
 9.797610e-001  2.145306e+004  2.294617e+002
 9.825210e-001  2.060284e+004  2.293765e+002
 9.852810e-001  2.052236e+004  2.262544e+002
 9.880400e-001  2.069217e+004  2.281544e+002
 9.908000e-001  2.032391e+004  2.255297e+002
 9.935600e-001  2.010532e+004  2.232232e+002
 9.963190e-001  2.010946e+004  2.259555e+002
 9.990790e-001  1.940527e+004  2.191845e+002
 1.001840e+000  1.900418e+004  2.192095e+002
 1.004600e+000  1.881920e+004  2.166504e+002
 1.007360e+000  1.853452e+004  2.157441e+002
 1.010120e+000  1.892201e+004  2.187339e+002
 1.012880e+000  1.856325e+004  2.154860e+002
 1.015640e+000  1.808873e+004  2.139435e+002
 1.018400e+000  1.749414e+004  2.114573e+002
 1.021160e+000  1.751850e+004  2.119554e+002
 1.023920e+000  1.719911e+004  2.115449e+002
 1.026680e+000  1.716878e+004  2.094535e+002
 1.029430e+000  1.717173e+004  2.106447e+002
 1.032190e+000  1.698832e+004  2.077088e+002
 1.034950e+000  1.690220e+004  2.087058e+002
 1.037710e+000  1.636205e+004  2.050094e+002
 1.040470e+000  1.629119e+004  2.052930e+002
 1.043230e+000  1.615283e+004  2.054654e+002
 1.045990e+000  1.608279e+004  2.040685e+002
 1.048750e+000  1.575935e+004  2.033643e+002
 1.051510e+000  1.567990e+004  2.008851e+002
 1.054270e+000  1.548304e+004  2.060652e+002
 1.057030e+000  1.574102e+004  2.083237e+002
 1.059790e+000  1.512335e+004  2.067658e+002
 1.062550e+000  1.484096e+004  2.098581e+002
 1.065310e+000  1.450940e+004  2.056133e+002
 1.068070e+000  1.482437e+004  2.105548e+002
 1.070830e+000  1.432785e+004  2.084583e+002
 1.073590e+000  1.404298e+004  2.058093e+002
 1.076350e+000  1.399919e+004  2.101786e+002
 1.079110e+000  1.400435e+004  2.084247e+002
 1.081870e+000  1.393347e+004  2.106049e+002
 1.084630e+000  1.353289e+004  2.066486e+002
 1.087390e+000  1.368221e+004  2.086995e+002
 1.090150e+000  1.333225e+004  2.101753e+002
 1.092910e+000  1.305761e+004  2.064093e+002
 1.095670e+000  1.306511e+004  2.092021e+002
 1.098430e+000  1.294409e+004  2.072326e+002
 1.101190e+000  1.316051e+004  2.039343e+002
 1.103940e+000  1.262375e+004  2.011801e+002
 1.106700e+000  1.266404e+004  1.976302e+002
 1.109460e+000  1.243942e+004  1.976796e+002
 1.112220e+000  1.217892e+004  1.931880e+002
 1.114980e+000  1.192587e+004  1.935926e+002
 1.117740e+000  1.200802e+004  1.914801e+002
 1.120500e+000  1.189207e+004  1.904789e+002
 1.123260e+000  1.147557e+004  1.885039e+002
 1.126020e+000  1.144236e+004  1.869556e+002
 1.128780e+000  1.190285e+004  1.908323e+002
 1.131540e+000  1.118941e+004  1.845419e+002
 1.134300e+000  1.130287e+004  1.863647e+002
 1.137060e+000  1.088245e+004  1.838773e+002
 1.139820e+000  1.076027e+004  1.830174e+002
 1.142580e+000  1.071514e+004  1.825643e+002
 1.145340e+000  1.081280e+004  1.802553e+002
 1.148100e+000  1.082808e+004  1.827798e+002
 1.150860e+000  1.045453e+004  1.795414e+002
 1.153620e+000  1.044984e+004  1.788720e+002
 1.156380e+000  1.038267e+004  1.790317e+002
 1.159140e+000  1.046749e+004  1.778754e+002
 1.161900e+000  1.047212e+004  1.782690e+002
 1.164660e+000  1.000250e+004  1.751402e+002
 1.167420e+000  1.021504e+004  1.761710e+002
 1.170180e+000  9.966983e+003  1.750380e+002
 1.172940e+000  1.010179e+004  1.738758e+002
 1.175700e+000  9.672357e+003  1.740355e+002
 1.178450e+000  9.777351e+003  1.716163e+002
 1.181210e+000  9.363942e+003  1.718036e+002
 1.183970e+000  9.521233e+003  1.722491e+002
 1.186730e+000  9.562198e+003  1.701595e+002
 1.189490e+000  9.284203e+003  1.696579e+002
 1.192250e+000  9.186174e+003  1.681226e+002
 1.195010e+000  8.915353e+003  1.687030e+002
 1.197770e+000  9.257643e+003  1.681224e+002
 1.200530e+000  9.197561e+003  1.689816e+002
 1.203290e+000  8.749571e+003  1.664781e+002
 1.206050e+000  8.886930e+003  1.664568e+002
 1.208810e+000  8.692901e+003  1.663790e+002
 1.211570e+000  8.637687e+003  1.647319e+002
 1.214330e+000  8.776293e+003  1.659875e+002
 1.217090e+000  8.566250e+003  1.655584e+002
 1.219850e+000  8.332306e+003  1.626606e+002
 1.222610e+000  8.568981e+003  1.649844e+002
 1.225370e+000  8.381382e+003  1.624865e+002
 1.228130e+000  8.234806e+003  1.621367e+002
 1.230890e+000  8.335240e+003  1.627261e+002
 1.233650e+000  8.366789e+003  1.622107e+002
 1.236410e+000  8.073979e+003  1.607573e+002
 1.239170e+000  8.156516e+003  1.596534e+002
 1.241930e+000  7.821182e+003  1.605993e+002
 1.244690e+000  8.145513e+003  1.601378e+002
 1.247450e+000  8.015714e+003  1.595483e+002
 1.250210e+000  7.752107e+003  1.581664e+002
 1.252960e+000  8.034744e+003  1.589428e+002
 1.255720e+000  7.778884e+003  1.586681e+002
 1.258480e+000  7.855093e+003  1.570984e+002
 1.261240e+000  7.481240e+003  1.559696e+002
 1.264000e+000  7.520613e+003  1.570095e+002
 1.266760e+000  7.314393e+003  1.544557e+002
 1.269520e+000  7.378857e+003  1.562694e+002
 1.272280e+000  7.317668e+003  1.536529e+002
 1.275040e+000  7.249532e+003  1.548158e+002
 1.277800e+000  7.382612e+003  1.543540e+002
 1.280560e+000  7.367038e+003  1.542992e+002
 1.283320e+000  7.088237e+003  1.530620e+002
 1.286080e+000  7.360666e+003  1.535382e+002
 1.288840e+000  7.142878e+003  1.535311e+002
 1.291600e+000  7.310522e+003  1.531213e+002
 1.294360e+000  7.294523e+003  1.528589e+002
 1.297120e+000  6.890170e+003  1.509680e+002
 1.299880e+000  7.080201e+003  1.513132e+002
 1.302640e+000  7.083014e+003  1.528002e+002
 1.305400e+000  7.059378e+003  1.506419e+002
 1.308160e+000  7.044395e+003  1.507497e+002
 1.310920e+000  6.732028e+003  1.495567e+002
 1.313680e+000  6.640529e+003  1.491076e+002
 1.316440e+000  6.614314e+003  1.493816e+002
 1.319200e+000  6.754226e+003  1.479894e+002
 1.321960e+000  6.988287e+003  1.501380e+002
 1.324720e+000  6.580500e+003  1.475167e+002
 1.327470e+000  6.598005e+003  1.486352e+002
 1.330230e+000  6.320762e+003  1.462586e+002
 1.332990e+000  6.508241e+003  1.470008e+002
 1.335750e+000  6.452005e+003  1.474793e+002
 1.338510e+000  6.673075e+003  1.470135e+002
 1.341270e+000  6.442338e+003  1.465906e+002
 1.344030e+000  6.252387e+003  1.444867e+002
 1.346790e+000  6.123034e+003  1.450837e+002
 1.349550e+000  6.643290e+003  1.471709e+002
 1.352310e+000  6.198993e+003  1.443981e+002
 1.355070e+000  6.245708e+003  1.446331e+002
 1.357830e+000  6.128906e+003  1.440377e+002
 1.360590e+000  6.002062e+003  1.429810e+002
 1.363350e+000  5.986889e+003  1.432298e+002
 1.366110e+000  6.020137e+003  1.416203e+002
 1.368870e+000  5.747672e+003  1.425445e+002
 1.371630e+000  5.969246e+003  1.416877e+002
 1.374390e+000  5.864005e+003  1.419017e+002
 1.377150e+000  6.010606e+003  1.416089e+002
 1.379910e+000  5.817806e+003  1.402694e+002
 1.382670e+000  6.074613e+003  1.425425e+002
 1.385430e+000  5.775008e+003  1.399694e+002
 1.388190e+000  5.893529e+003  1.406883e+002
 1.390950e+000  5.609539e+003  1.385795e+002
 1.393710e+000  5.760462e+003  1.397458e+002
 1.396470e+000  5.670887e+003  1.390220e+002
 1.399230e+000  5.724136e+003  1.390572e+002
 1.401990e+000  5.670854e+003  1.389912e+002
 1.404740e+000  5.446067e+003  1.378991e+002
 1.407500e+000  5.857809e+003  1.395166e+002
 1.410260e+000  5.689657e+003  1.390677e+002
 1.413020e+000  5.505945e+003  1.371623e+002
 1.415780e+000  5.639738e+003  1.391833e+002
 1.418540e+000  5.348439e+003  1.367034e+002
 1.421300e+000  5.553588e+003  1.384908e+002
 1.424060e+000  5.420549e+003  1.363215e+002
 1.426820e+000  5.415347e+003  1.370939e+002
 1.429580e+000  5.340386e+003  1.368163e+002
 1.432340e+000  5.428595e+003  1.362584e+002
 1.435100e+000  5.398961e+003  1.375551e+002
 1.437860e+000  5.394879e+003  1.353172e+002
 1.440620e+000  4.978723e+003  1.350958e+002
 1.443380e+000  4.955527e+003  1.346406e+002
 1.446140e+000  5.290838e+003  1.347852e+002
 1.448900e+000  5.216017e+003  1.354383e+002
 1.451660e+000  5.161336e+003  1.336999e+002
 1.454420e+000  5.601887e+003  1.375101e+002
 1.457180e+000  5.247799e+003  1.339981e+002
 1.459940e+000  4.976613e+003  1.325653e+002
 1.462700e+000  5.330080e+003  1.355549e+002
 1.465460e+000  5.226055e+003  1.334048e+002
 1.468220e+000  5.039447e+003  1.338458e+002
 1.470980e+000  5.083695e+003  1.328866e+002
 1.473740e+000  5.097041e+003  1.333629e+002
 1.476500e+000  4.835248e+003  1.321644e+002
 1.479250e+000  4.843964e+003  1.310528e+002
 1.482010e+000  5.042560e+003  1.326638e+002
 1.484770e+000  4.942713e+003  1.317795e+002
 1.487530e+000  5.061967e+003  1.326203e+002
 1.490290e+000  4.890150e+003  1.316593e+002
 1.493050e+000  5.033528e+003  1.313382e+002
 1.495810e+000  4.905565e+003  1.312536e+002
 1.498570e+000  4.827223e+003  1.306086e+002
 1.501330e+000  4.820506e+003  1.303749e+002
 1.504090e+000  4.748725e+003  1.304893e+002
 1.506850e+000  4.847897e+003  1.297352e+002
 1.509610e+000  4.812036e+003  1.306159e+002
 1.512370e+000  4.838638e+003  1.297047e+002
 1.515130e+000  4.780228e+003  1.297499e+002
 1.517890e+000  4.839505e+003  1.300187e+002
 1.520650e+000  4.535058e+003  1.286698e+002
 1.523410e+000  4.616513e+003  1.289696e+002
 1.526170e+000  4.669872e+003  1.285810e+002
 1.528930e+000  4.451286e+003  1.274756e+002
 1.531690e+000  4.579509e+003  1.280630e+002
 1.534450e+000  4.499682e+003  1.282748e+002
 1.537210e+000  4.677487e+003  1.287429e+002
 1.539970e+000  4.619178e+003  1.278558e+002
 1.542730e+000  4.710001e+003  1.281331e+002
 1.545490e+000  4.464610e+003  1.272175e+002
 1.548250e+000  4.539833e+003  1.275197e+002
 1.551010e+000  4.468505e+003  1.266937e+002
 1.553760e+000  4.116421e+003  1.251574e+002
 1.556520e+000  4.225429e+003  1.258206e+002
 1.559280e+000  4.313023e+003  1.254540e+002
 1.562040e+000  4.451744e+003  1.262743e+002
 1.564800e+000  4.354218e+003  1.250445e+002
 1.567560e+000  4.403136e+003  1.259687e+002
 1.570320e+000  4.431758e+003  1.257731e+002
 1.573080e+000  4.262360e+003  1.248159e+002
 1.575840e+000  4.215516e+003  1.249609e+002
 1.578600e+000  4.306552e+003  1.247147e+002
 1.581360e+000  4.222222e+003  1.248668e+002
 1.584120e+000  4.452455e+003  1.252925e+002
 1.586880e+000  4.049265e+003  1.231578e+002
 1.589640e+000  4.144376e+003  1.234827e+002
 1.592400e+000  4.279008e+003  1.242925e+002
 1.595160e+000  4.205195e+003  1.236555e+002
 1.597920e+000  4.335830e+003  1.235411e+002
 1.600680e+000  3.923485e+003  1.224467e+002
 1.603440e+000  4.242980e+003  1.235489e+002
 1.606200e+000  4.122417e+003  1.232876e+002
 1.608960e+000  4.069445e+003  1.231831e+002
 1.611720e+000  4.007176e+003  1.216843e+002
 1.614480e+000  3.981315e+003  1.224631e+002
 1.617240e+000  4.150492e+003  1.220686e+002
 1.620000e+000  3.951667e+003  1.220389e+002
 1.622760e+000  3.877665e+003  1.209271e+002
 1.625520e+000  3.762665e+003  1.201476e+002
 1.628270e+000  3.914643e+003  1.214864e+002
 1.631030e+000  3.859194e+003  1.204639e+002
 1.633790e+000  3.945227e+003  1.210720e+002
 1.636550e+000  3.747102e+003  1.205197e+002
 1.639310e+000  3.724646e+003  1.225839e+002
 1.642070e+000  3.887967e+003  1.246782e+002
 1.644830e+000  3.839610e+003  1.233925e+002
 1.647590e+000  3.785225e+003  1.254306e+002
 1.650350e+000  3.801228e+003  1.256404e+002
 1.653110e+000  3.985767e+003  1.263700e+002
 1.655870e+000  3.807714e+003  1.268985e+002
 1.658630e+000  3.692742e+003  1.252224e+002
 1.661390e+000  3.948976e+003  1.286152e+002
 1.664150e+000  3.699015e+003  1.270786e+002
 1.666910e+000  3.677081e+003  1.273335e+002
 1.669670e+000  3.670412e+003  1.273977e+002
 1.672430e+000  3.592804e+003  1.271181e+002
 1.675190e+000  3.684372e+003  1.286240e+002
 1.677950e+000  3.480886e+003  1.273875e+002
 1.680710e+000  3.594142e+003  1.279852e+002
 1.683470e+000  3.579262e+003  1.289772e+002
 1.686230e+000  3.660493e+003  1.263846e+002
 1.688990e+000  3.601978e+003  1.263858e+002
 1.691750e+000  3.570926e+003  1.239929e+002
 1.694510e+000  3.680596e+003  1.247911e+002
 1.697270e+000  3.406938e+003  1.226061e+002
 1.700030e+000  3.420234e+003  1.224152e+002
 1.702780e+000  3.603123e+003  1.231434e+002
 1.705540e+000  3.598518e+003  1.221898e+002
 1.708300e+000  3.454986e+003  1.220404e+002
 1.711060e+000  3.534549e+003  1.213213e+002
 1.713820e+000  3.544194e+003  1.217650e+002
 1.716580e+000  3.330362e+003  1.197505e+002
 1.719340e+000  3.345511e+003  1.196760e+002
 1.722100e+000  3.466130e+003  1.208606e+002
 1.724860e+000  3.213831e+003  1.187515e+002
 1.727620e+000  3.210415e+003  1.192975e+002
 1.730380e+000  3.482294e+003  1.201068e+002
 1.733140e+000  3.317656e+003  1.186506e+002
 1.735900e+000  3.243218e+003  1.190261e+002
 1.738660e+000  3.290137e+003  1.183257e+002
 1.741420e+000  3.214283e+003  1.181311e+002
 1.744180e+000  3.174320e+003  1.175638e+002
 1.746940e+000  3.060715e+003  1.172348e+002
 1.749700e+000  3.232410e+003  1.180879e+002
 1.752460e+000  2.978576e+003  1.157656e+002
 1.755220e+000  3.232701e+003  1.178791e+002
 1.757980e+000  3.147176e+003  1.168702e+002
 1.760740e+000  3.089654e+003  1.173133e+002
 1.763500e+000  3.365930e+003  1.178218e+002
 1.766260e+000  3.124117e+003  1.164626e+002
 1.769020e+000  2.969089e+003  1.167037e+002
 1.771780e+000  3.127062e+003  1.157773e+002
 1.774540e+000  2.938549e+003  1.155664e+002
 1.777290e+000  3.377454e+003  1.174121e+002
 1.780050e+000  3.003138e+003  1.151724e+002
 1.782810e+000  2.940500e+003  1.156863e+002
 1.785570e+000  2.856597e+003  1.138602e+002
 1.788330e+000  3.052492e+003  1.153402e+002
 1.791090e+000  3.125551e+003  1.152023e+002
 1.793850e+000  2.793521e+003  1.145472e+002
 1.796610e+000  2.840020e+003  1.146214e+002
 1.799370e+000  2.993241e+003  1.137619e+002
 1.802130e+000  2.851761e+003  1.145402e+002
 1.804890e+000  2.806304e+003  1.134973e+002
 1.807650e+000  2.943830e+003  1.146802e+002
 1.810410e+000  2.800534e+003  1.134136e+002
 1.813170e+000  2.954025e+003  1.138882e+002
 1.815930e+000  2.778240e+003  1.135412e+002
 1.818690e+000  2.723954e+003  1.125360e+002
 1.821450e+000  2.862847e+003  1.136230e+002
 1.824210e+000  2.521945e+003  1.119767e+002
 1.826970e+000  2.720253e+003  1.128405e+002
 1.829730e+000  2.657618e+003  1.128511e+002
 1.832490e+000  2.725853e+003  1.121126e+002
 1.835250e+000  2.962462e+003  1.140236e+002
 1.838010e+000  2.757175e+003  1.119218e+002
 1.840770e+000  2.689699e+003  1.118572e+002
 1.843530e+000  2.842285e+003  1.126336e+002
 1.846290e+000  2.558947e+003  1.110106e+002
 1.849050e+000  2.661342e+003  1.116534e+002
 1.851810e+000  2.550482e+003  1.107110e+002
 1.854560e+000  2.800182e+003  1.126447e+002
 1.857320e+000  2.700923e+003  1.117261e+002
 1.860080e+000  2.542815e+003  1.115034e+002
 1.862840e+000  2.584605e+003  1.115147e+002
 1.865600e+000  2.514023e+003  1.110482e+002
 1.868360e+000  2.449491e+003  1.118040e+002
 1.871120e+000  2.480164e+003  1.113085e+002
 1.873880e+000  2.685449e+003  1.126085e+002
 1.876640e+000  2.452995e+003  1.117597e+002
 1.879400e+000  2.578916e+003  1.116736e+002
 1.882160e+000  2.498881e+003  1.119924e+002
 1.884920e+000  2.438573e+003  1.114478e+002
 1.887680e+000  2.563085e+003  1.119332e+002
 1.890440e+000  2.572760e+003  1.120448e+002
 1.893200e+000  2.701281e+003  1.129444e+002
 1.895960e+000  2.708465e+003  1.130208e+002
 1.898720e+000  2.250475e+003  1.107686e+002
 1.901480e+000  2.224569e+003  1.112933e+002
 1.904240e+000  2.391232e+003  1.110162e+002
 1.907000e+000  2.423771e+003  1.119538e+002
 1.909760e+000  2.541306e+003  1.119940e+002
 1.912520e+000  2.511015e+003  1.116728e+002
 1.915280e+000  2.548384e+003  1.123503e+002
 1.918040e+000  2.357869e+003  1.104697e+002
 1.920800e+000  2.009599e+003  1.103574e+002
 1.923560e+000  2.318496e+003  1.115102e+002
 1.926320e+000  2.336263e+003  1.109457e+002
 1.929070e+000  2.376418e+003  1.116635e+002
 1.931830e+000  2.378989e+003  1.111774e+002
 1.934590e+000  2.507988e+003  1.122376e+002
 1.937350e+000  2.287001e+003  1.101890e+002
 1.940110e+000  2.235082e+003  1.111588e+002
 1.942870e+000  2.308358e+003  1.119241e+002
 1.945630e+000  2.222517e+003  1.103971e+002
 1.948390e+000  2.289387e+003  1.115933e+002
 1.951150e+000  2.265079e+003  1.100732e+002
 1.953910e+000  2.031062e+003  1.101571e+002
 1.956670e+000  2.212467e+003  1.115149e+002
 1.959430e+000  2.188059e+003  1.105662e+002
 1.962190e+000  2.168973e+003  1.108601e+002
 1.964950e+000  2.325406e+003  1.108082e+002
 1.967710e+000  2.146165e+003  1.109955e+002
 1.970470e+000  2.176618e+003  1.109256e+002
 1.973230e+000  2.174798e+003  1.107915e+002
 1.975990e+000  2.105378e+003  1.104466e+002
 1.978750e+000  2.129701e+003  1.102997e+002
 1.981510e+000  2.172100e+003  1.111783e+002
 1.984270e+000  1.981319e+003  1.099920e+002
 1.987030e+000  2.217281e+003  1.103757e+002
 1.989790e+000  2.094266e+003  1.106004e+002
 1.992550e+000  2.210600e+003  1.104072e+002
 1.995310e+000  2.207704e+003  1.114492e+002
 1.998070e+000  2.026153e+003  1.090839e+002
 2.000830e+000  2.133274e+003  1.110691e+002
 2.003580e+000  1.954392e+003  1.097388e+002
 2.006340e+000  2.123917e+003  1.103249e+002
 2.009100e+000  2.075233e+003  1.101763e+002
 2.011860e+000  1.878087e+003  1.092118e+002
 2.014620e+000  1.810306e+003  1.096165e+002
 2.017380e+000  2.076548e+003  1.100413e+002
 2.020140e+000  2.052858e+003  1.097667e+002
 2.022900e+000  1.887353e+003  1.096362e+002
 2.025660e+000  1.856851e+003  1.091746e+002
 2.028420e+000  1.962989e+003  1.102372e+002
 2.031180e+000  1.991820e+003  1.092094e+002
 2.033940e+000  1.957957e+003  1.097825e+002
 2.036700e+000  1.897246e+003  1.098778e+002
 2.039460e+000  1.937985e+003  1.089343e+002
 2.042220e+000  1.893146e+003  1.095934e+002
 2.044980e+000  2.107180e+003  1.096514e+002
 2.047740e+000  1.906665e+003  1.094670e+002
 2.050500e+000  1.978187e+003  1.096722e+002
 2.053260e+000  1.943688e+003  1.093695e+002
 2.056020e+000  1.994146e+003  1.098019e+002
 2.058780e+000  2.037575e+003  1.096454e+002
 2.061540e+000  1.802999e+003  1.088379e+002
 2.064300e+000  1.901168e+003  1.092547e+002
 2.067060e+000  1.831133e+003  1.088766e+002
 2.069820e+000  1.719577e+003  1.087850e+002
 2.072580e+000  1.964308e+003  1.094114e+002
 2.075340e+000  1.789514e+003  1.091191e+002
 2.078090e+000  1.710439e+003  1.075207e+002
 2.080850e+000  1.980088e+003  1.095447e+002
 2.083610e+000  1.846625e+003  1.090709e+002
 2.086370e+000  1.845025e+003  1.090642e+002
 2.089130e+000  1.756233e+003  1.089554e+002
 2.091890e+000  1.675346e+003  1.073991e+002
 2.094650e+000  1.810246e+003  1.092027e+002
 2.097410e+000  1.810664e+003  1.082444e+002
 2.100170e+000  1.801820e+003  1.090476e+002
 2.102930e+000  1.531617e+003  1.076009e+002
 2.105690e+000  1.589783e+003  1.076261e+002
 2.108450e+000  1.828279e+003  1.088304e+002
 2.111210e+000  1.791138e+003  1.077579e+002
 2.113970e+000  1.765149e+003  1.085991e+002
 2.116730e+000  1.888749e+003  1.089956e+002
 2.119490e+000  1.707214e+003  1.079970e+002
 2.122250e+000  1.767945e+003  1.088106e+002
 2.125010e+000  1.829409e+003  1.081130e+002
 2.127770e+000  1.605088e+003  1.077274e+002
 2.130530e+000  1.759124e+003  1.077906e+002
 2.133290e+000  1.676028e+003  1.076500e+002
 2.136050e+000  1.670451e+003  1.075761e+002
 2.138810e+000  1.540710e+003  1.063892e+002
 2.141570e+000  1.823921e+003  1.086435e+002
 2.144330e+000  1.561427e+003  1.064352e+002
 2.147090e+000  1.674821e+003  1.072210e+002
 2.149850e+000  1.415723e+003  1.058759e+002
 2.152600e+000  1.659708e+003  1.074308e+002
 2.155360e+000  1.767866e+003  1.080142e+002
 2.158120e+000  1.673291e+003  1.064209e+002
 2.160880e+000  1.538615e+003  1.066058e+002
 2.163640e+000  1.515087e+003  1.062086e+002
 2.166400e+000  1.551003e+003  1.065243e+002
 2.169160e+000  1.716678e+003  1.076553e+002
 2.171920e+000  1.435154e+003  1.057908e+002
 2.174680e+000  1.686370e+003  1.074384e+002
 2.177440e+000  1.572110e+003  1.057924e+002
 2.180200e+000  1.608648e+003  1.068377e+002
 2.182960e+000  1.571631e+003  1.069198e+002
 2.185720e+000  1.497139e+003  1.059985e+002
 2.188480e+000  1.549553e+003  1.071668e+002
 2.191240e+000  1.601038e+003  1.057653e+002
 2.194000e+000  1.480149e+003  1.066035e+002
 2.196760e+000  1.385468e+003  1.056496e+002
 2.199520e+000  1.687221e+003  1.064359e+002
 2.202280e+000  1.333021e+003  1.062132e+002
 2.205040e+000  1.451214e+003  1.054874e+002
 2.207800e+000  1.388895e+003  1.061631e+002
 2.210560e+000  1.477071e+003  1.057162e+002
 2.213320e+000  1.606195e+003  1.058808e+002
 2.216080e+000  1.576035e+003  1.069447e+002
 2.218840e+000  1.335066e+003  1.051856e+002
 2.221600e+000  1.392470e+003  1.064658e+002
 2.224360e+000  1.400723e+003  1.071667e+002
 2.227120e+000  1.690054e+003  1.096155e+002
 2.229870e+000  1.492657e+003  1.097654e+002
 2.232630e+000  1.507723e+003  1.100296e+002
 2.235390e+000  1.490647e+003  1.122254e+002
 2.238150e+000  1.492365e+003  1.109430e+002
 2.240910e+000  1.435518e+003  1.120345e+002
 2.243670e+000  1.454454e+003  1.128286e+002
 2.246430e+000  1.430147e+003  1.135648e+002
 2.249190e+000  1.462144e+003  1.153920e+002
 2.251950e+000  1.495192e+003  1.148619e+002
 2.254710e+000  1.125855e+003  1.153844e+002
 2.257470e+000  1.326039e+003  1.159496e+002
 2.260230e+000  1.778042e+003  1.194163e+002
 2.262990e+000  1.276634e+003  1.173620e+002
 2.265750e+000  1.280094e+003  1.171214e+002
 2.268510e+000  1.268703e+003  1.190194e+002
 2.271270e+000  1.307957e+003  1.166323e+002
 2.274030e+000  1.521378e+003  1.171609e+002
 2.276790e+000  1.367813e+003  1.154886e+002
 2.279550e+000  1.428009e+003  1.149642e+002
 2.282310e+000  1.388282e+003  1.148947e+002
 2.285070e+000  1.473368e+003  1.145040e+002
 2.287830e+000  1.471797e+003  1.147385e+002
 2.290590e+000  1.284607e+003  1.126773e+002
 2.293350e+000  1.230463e+003  1.130655e+002
 2.296110e+000  1.328823e+003  1.133115e+002
 2.298870e+000  1.443942e+003  1.132871e+002
 2.301630e+000  1.350075e+003  1.134525e+002
 2.304380e+000  1.327920e+003  1.126514e+002
 2.307140e+000  9.959617e+002  1.119726e+002
 2.309900e+000  1.403844e+003  1.134484e+002
 2.312660e+000  1.461355e+003  1.133066e+002
 2.315420e+000  1.265072e+003  1.124472e+002
 2.318180e+000  1.349835e+003  1.133638e+002
 2.320940e+000  1.243345e+003  1.129111e+002
 2.323700e+000  1.266437e+003  1.124781e+002
 2.326460e+000  1.223037e+003  1.122946e+002
 2.329220e+000  1.370679e+003  1.135694e+002
 2.331980e+000  1.224770e+003  1.128902e+002
 2.334740e+000  1.185908e+003  1.122906e+002
 2.337500e+000  1.372303e+003  1.138628e+002
 2.340260e+000  1.287516e+003  1.127351e+002
 2.343020e+000  1.401518e+003  1.138601e+002
 2.345780e+000  1.322494e+003  1.131249e+002
 2.348540e+000  1.138864e+003  1.122306e+002
 2.351300e+000  1.358289e+003  1.135392e+002
 2.354060e+000  1.146161e+003  1.120556e+002
 2.356820e+000  1.343128e+003  1.135487e+002
 2.359580e+000  1.351221e+003  1.131878e+002
 2.362340e+000  1.306480e+003  1.136395e+002
 2.365100e+000  1.075145e+003  1.123129e+002
 2.367860e+000  1.408221e+003  1.140684e+002
 2.370620e+000  1.252298e+003  1.126021e+002
 2.373380e+000  9.763370e+002  1.122599e+002
 2.376140e+000  1.185591e+003  1.128198e+002
 2.378890e+000  1.043161e+003  1.117956e+002
 2.381650e+000  1.414757e+003  1.141820e+002
 2.384410e+000  1.315088e+003  1.125016e+002
 2.387170e+000  1.250642e+003  1.132182e+002
 2.389930e+000  1.539831e+003  1.150143e+002
 2.392690e+000  1.293013e+003  1.131905e+002
 2.395450e+000  1.061073e+003  1.125357e+002
 2.398210e+000  1.180217e+003  1.126181e+002
 2.400970e+000  1.193990e+003  1.136402e+002
 2.403730e+000  9.415794e+002  1.111703e+002
 2.406490e+000  1.126607e+003  1.129959e+002
 2.409250e+000  1.269723e+003  1.142197e+002
 2.412010e+000  1.242370e+003  1.127745e+002
 2.414770e+000  1.105663e+003  1.127054e+002
 2.417530e+000  1.185848e+003  1.123068e+002
 2.420290e+000  1.154309e+003  1.134392e+002
 2.423050e+000  1.153409e+003  1.128440e+002
 2.425810e+000  9.675912e+002  1.121127e+002
 2.428570e+000  1.128261e+003  1.129742e+002
 2.431330e+000  1.079405e+003  1.115013e+002
 2.434090e+000  1.162993e+003  1.139074e+002
 2.436850e+000  1.125925e+003  1.131796e+002
 2.439610e+000  1.017988e+003  1.123315e+002
 2.442370e+000  1.073934e+003  1.127905e+002
 2.445130e+000  1.107999e+003  1.121245e+002
 2.447890e+000  1.176228e+003  1.144061e+002
 2.450650e+000  8.008970e+002  1.118203e+002
 2.453400e+000  9.715270e+002  1.120145e+002
 2.456160e+000  1.094591e+003  1.137189e+002
 2.458920e+000  1.120334e+003  1.131748e+002
 2.461680e+000  1.068620e+003  1.137099e+002
 2.464440e+000  9.290465e+002  1.113338e+002
 2.467200e+000  9.060186e+002  1.126023e+002
 2.469960e+000  1.021971e+003  1.131832e+002
 2.472720e+000  1.095968e+003  1.128707e+002
 2.475480e+000  1.080258e+003  1.128780e+002
 2.478240e+000  1.309268e+003  1.131676e+002
 2.481000e+000  9.608511e+002  1.124605e+002
 2.483760e+000  9.750471e+002  1.108766e+002
 2.486520e+000  9.869051e+002  1.118731e+002
 2.489280e+000  8.048758e+002  1.111638e+002
 2.492040e+000  7.633477e+002  1.099054e+002
 2.494800e+000  1.150357e+003  1.130353e+002
 2.497560e+000  1.097111e+003  1.114334e+002
 2.500320e+000  8.042927e+002  1.112583e+002
 2.503080e+000  1.196440e+003  1.128571e+002
 2.505840e+000  1.149756e+003  1.119491e+002
 2.508600e+000  1.185934e+003  1.129073e+002
 2.511360e+000  1.125750e+003  1.119478e+002
 2.514120e+000  9.214100e+002  1.117426e+002
 2.516880e+000  9.894302e+002  1.112854e+002
 2.519640e+000  1.081005e+003  1.117831e+002
 2.522400e+000  1.125480e+003  1.130936e+002
 2.525160e+000  1.207591e+003  1.124989e+002
 2.527910e+000  1.032286e+003  1.130877e+002
 2.530670e+000  1.216237e+003  1.125914e+002
 2.533430e+000  9.099716e+002  1.115998e+002
 2.536190e+000  8.512608e+002  1.112868e+002
 2.538950e+000  1.084742e+003  1.116155e+002
 2.541710e+000  9.995496e+002  1.126378e+002
 2.544470e+000  9.966266e+002  1.111046e+002
 2.547230e+000  1.041026e+003  1.121124e+002
 2.549990e+000  9.080678e+002  1.114823e+002
 2.552750e+000  9.570305e+002  1.112211e+002
 2.555510e+000  9.274439e+002  1.121360e+002
 2.558270e+000  8.478829e+002  1.106470e+002
 2.561030e+000  9.900033e+002  1.125897e+002
 2.563790e+000  1.037512e+003  1.121822e+002
 2.566550e+000  8.549413e+002  1.118038e+002
 2.569310e+000  8.587901e+002  1.113745e+002
 2.572070e+000  1.035366e+003  1.122946e+002
 2.574830e+000  8.563358e+002  1.122067e+002
 2.577590e+000  1.009333e+003  1.115101e+002
 2.580350e+000  8.627293e+002  1.115942e+002
 2.583110e+000  9.716884e+002  1.118667e+002
 2.585870e+000  1.036826e+003  1.128334e+002
 2.588630e+000  8.676355e+002  1.120808e+002
 2.591390e+000  8.472347e+002  1.109442e+002
 2.594150e+000  1.006406e+003  1.127169e+002
 2.596910e+000  1.001537e+003  1.121530e+002
 2.599670e+000  1.107373e+003  1.125707e+002
 2.602420e+000  1.114396e+003  1.124835e+002
 2.605180e+000  8.337792e+002  1.110991e+002
 2.607940e+000  1.039102e+003  1.129141e+002
 2.610700e+000  8.067601e+002  1.117003e+002
 2.613460e+000  8.542623e+002  1.128605e+002
 2.616220e+000  7.533120e+002  1.103754e+002
 2.618980e+000  8.771391e+002  1.113598e+002
 2.621740e+000  1.140815e+003  1.132297e+002
 2.624500e+000  8.175562e+002  1.117017e+002
 2.627260e+000  9.627077e+002  1.124618e+002
 2.630020e+000  1.035627e+003  1.119487e+002
 2.632780e+000  1.044610e+003  1.134783e+002
 2.635540e+000  9.988434e+002  1.128375e+002
 2.638300e+000  8.110757e+002  1.115979e+002
 2.641060e+000  8.022499e+002  1.120609e+002
 2.643820e+000  9.563994e+002  1.119996e+002
 2.646580e+000  1.061823e+003  1.135079e+002
 2.649340e+000  9.692902e+002  1.121059e+002
 2.652100e+000  1.061766e+003  1.125297e+002
 2.654860e+000  7.916462e+002  1.124001e+002
 2.657620e+000  9.534605e+002  1.121647e+002
 2.660380e+000  8.920403e+002  1.125382e+002
 2.663140e+000  9.343243e+002  1.122104e+002
 2.665900e+000  9.648182e+002  1.125451e+002
 2.668660e+000  7.755507e+002  1.121074e+002
 2.671420e+000  8.456872e+002  1.116863e+002
 2.674180e+000  8.625756e+002  1.130658e+002
 2.676940e+000  9.898170e+002  1.126448e+002
 2.679690e+000  9.102278e+002  1.126549e+002
 2.682450e+000  9.894968e+002  1.132470e+002
 2.685210e+000  9.144071e+002  1.122170e+002
 2.687970e+000  9.025914e+002  1.127745e+002
 2.690730e+000  8.331688e+002  1.114070e+002
 2.693490e+000  8.626741e+002  1.128253e+002
 2.696250e+000  9.814762e+002  1.129084e+002
 2.699010e+000  9.499700e+002  1.123516e+002
 2.701770e+000  7.708096e+002  1.122048e+002
 2.704530e+000  8.506811e+002  1.119131e+002
 2.707290e+000  1.000962e+003  1.131574e+002
 2.710050e+000  8.580344e+002  1.117576e+002
 2.712810e+000  1.158162e+003  1.134298e+002
 2.715570e+000  1.114169e+003  1.135497e+002
 2.718330e+000  8.451385e+002  1.124451e+002
 2.721090e+000  9.117809e+002  1.125309e+002
 2.723850e+000  9.694320e+002  1.124360e+002
 2.726610e+000  8.655567e+002  1.130998e+002
 2.729370e+000  8.356193e+002  1.128417e+002
 2.732130e+000  8.644458e+002  1.123658e+002
 2.734890e+000  1.125349e+003  1.144808e+002
 2.737650e+000  7.918805e+002  1.119692e+002
 2.740410e+000  7.415312e+002  1.127040e+002
 2.743170e+000  7.899041e+002  1.118961e+002
 2.745930e+000  8.273667e+002  1.125175e+002
 2.748690e+000  1.019906e+003  1.135867e+002
 2.751450e+000  7.803412e+002  1.116669e+002
 2.754200e+000  7.382273e+002  1.127025e+002
 2.756960e+000  7.575832e+002  1.117465e+002
 2.759720e+000  7.010992e+002  1.116822e+002
 2.762480e+000  7.991717e+002  1.129302e+002
 2.765240e+000  9.394991e+002  1.132580e+002
 2.768000e+000  9.661929e+002  1.140664e+002
 2.770760e+000  9.249973e+002  1.127014e+002
 2.773520e+000  9.039062e+002  1.136391e+002
 2.776280e+000  9.752232e+002  1.128016e+002
 2.779040e+000  8.393975e+002  1.122848e+002
 2.781800e+000  8.462213e+002  1.123629e+002
 2.784560e+000  9.215314e+002  1.126145e+002
 2.787320e+000  7.490932e+002  1.119806e+002
 2.790080e+000  9.849865e+002  1.123258e+002
 2.792840e+000  8.421503e+002  1.120961e+002
 2.795600e+000  9.453522e+002  1.126470e+002
 2.798360e+000  8.887312e+002  1.130509e+002
 2.801120e+000  8.434276e+002  1.124605e+002
 2.803880e+000  9.914899e+002  1.121355e+002
 2.806640e+000  8.538211e+002  1.129186e+002
 2.809400e+000  9.590249e+002  1.155623e+002
 2.812160e+000  6.260592e+002  1.161469e+002
 2.814920e+000  9.317218e+002  1.189722e+002
 2.817680e+000  8.555214e+002  1.188731e+002
 2.820440e+000  6.726073e+002  1.202170e+002
 2.823200e+000  9.777389e+002  1.207593e+002
 2.825960e+000  8.188467e+002  1.219279e+002
 2.828710e+000  5.766053e+002  1.214334e+002
 2.831470e+000  8.387137e+002  1.236902e+002
 2.834230e+000  1.089167e+003  1.258315e+002
 2.836990e+000  8.529059e+002  1.241009e+002
 2.839750e+000  7.787074e+002  1.246625e+002
 2.842510e+000  7.586911e+002  1.254078e+002
 2.845270e+000  6.855831e+002  1.259150e+002
 2.848030e+000  1.142271e+003  1.293640e+002
 2.850790e+000  7.958595e+002  1.263939e+002
 2.853550e+000  1.023307e+003  1.294179e+002
 2.856310e+000  9.498155e+002  1.256228e+002
 2.859070e+000  7.254148e+002  1.235327e+002
 2.861830e+000  8.531945e+002  1.228236e+002
 2.864590e+000  1.083359e+003  1.226492e+002
 2.867350e+000  1.018051e+003  1.226012e+002
 2.870110e+000  7.529013e+002  1.198337e+002
 2.872870e+000  8.364598e+002  1.201767e+002
 2.875630e+000  9.752814e+002  1.205376e+002
 2.878390e+000  9.128885e+002  1.203915e+002
 2.881150e+000  1.025553e+003  1.218711e+002
 2.883910e+000  1.031333e+003  1.199763e+002
 2.886670e+000  1.088663e+003  1.202526e+002
 2.889430e+000  7.439234e+002  1.181046e+002
 2.892190e+000  8.740150e+002  1.186117e+002
 2.894950e+000  7.171819e+002  1.185223e+002
 2.897710e+000  1.004846e+003  1.184361e+002
 2.900470e+000  1.090074e+003  1.205263e+002
 2.903220e+000  1.110506e+003  1.193867e+002
 2.905980e+000  1.004185e+003  1.190443e+002
 2.908740e+000  8.213976e+002  1.175768e+002
 2.911500e+000  9.819156e+002  1.176426e+002
 2.914260e+000  9.349785e+002  1.181854e+002
 2.917020e+000  8.325447e+002  1.168492e+002
 2.919780e+000  1.102007e+003  1.185798e+002
 2.922540e+000  9.013645e+002  1.168703e+002
 2.925300e+000  7.220524e+002  1.164012e+002
 2.928060e+000  1.106224e+003  1.188203e+002
 2.930820e+000  9.686919e+002  1.166966e+002
 2.933580e+000  7.906617e+002  1.161631e+002
 2.936340e+000  8.803089e+002  1.169369e+002
 2.939100e+000  9.120663e+002  1.169568e+002
 2.941860e+000  8.951788e+002  1.167736e+002
 2.944620e+000  7.793084e+002  1.153037e+002
 2.947380e+000  1.102117e+003  1.181493e+002
 2.950140e+000  9.896977e+002  1.168068e+002
 2.952900e+000  1.009033e+003  1.177768e+002
 2.955660e+000  8.514119e+002  1.150309e+002
 2.958420e+000  7.783600e+002  1.160641e+002
 2.961180e+000  8.824258e+002  1.164713e+002
 2.963940e+000  7.670023e+002  1.152883e+002
 2.966700e+000  7.617405e+002  1.154116e+002
 2.969460e+000  8.950020e+002  1.156924e+002
 2.972220e+000  9.446640e+002  1.171914e+002
 2.974980e+000  9.307490e+002  1.166174e+002
 2.977730e+000  8.548212e+002  1.151413e+002
 2.980490e+000  9.236066e+002  1.158512e+002
 2.983250e+000  8.395814e+002  1.149971e+002
 2.986010e+000  8.736571e+002  1.161624e+002
 2.988770e+000  9.466608e+002  1.165538e+002
 2.991530e+000  6.292506e+002  1.149006e+002
 2.994290e+000  9.863691e+002  1.167445e+002
 2.997050e+000  6.304950e+002  1.144134e+002
 2.999810e+000  7.533696e+002  1.158608e+002
 3.002570e+000  6.619438e+002  1.145614e+002
 3.005330e+000  8.787379e+002  1.166042e+002
 3.008090e+000  8.462028e+002  1.162915e+002
 3.010850e+000  1.082930e+003  1.170652e+002
 3.013610e+000  7.100730e+002  1.145805e+002
 3.016370e+000  8.833830e+002  1.155795e+002
 3.019130e+000  8.332703e+002  1.161959e+002
 3.021890e+000  9.076285e+002  1.161362e+002
 3.024650e+000  7.593833e+002  1.148376e+002
 3.027410e+000  7.911920e+002  1.158849e+002
 3.030170e+000  9.899250e+002  1.163364e+002
 3.032930e+000  7.827999e+002  1.155081e+002
 3.035690e+000  9.666509e+002  1.163125e+002
 3.038450e+000  9.147431e+002  1.159853e+002
 3.041210e+000  9.453685e+002  1.164899e+002
 3.043970e+000  8.068127e+002  1.150459e+002
 3.046730e+000  7.263718e+002  1.151608e+002
 3.049490e+000  7.559500e+002  1.149320e+002
 3.052240e+000  8.640107e+002  1.159835e+002
 3.055000e+000  9.682688e+002  1.164862e+002
 3.057760e+000  7.371905e+002  1.150679e+002
 3.060520e+000  1.081171e+003  1.170287e+002
 3.063280e+000  9.591765e+002  1.158961e+002
 3.066040e+000  9.964051e+002  1.166498e+002
 3.068800e+000  9.718811e+002  1.161528e+002
 3.071560e+000  7.471447e+002  1.148713e+002
 3.074320e+000  9.738077e+002  1.162633e+002
 3.077080e+000  1.078088e+003  1.162616e+002
 3.079840e+000  8.624121e+002  1.161718e+002
 3.082600e+000  7.986663e+002  1.145740e+002
 3.085360e+000  9.115739e+002  1.156476e+002
 3.088120e+000  9.466070e+002  1.170244e+002
 3.090880e+000  8.095039e+002  1.149429e+002
 3.093640e+000  8.297948e+002  1.158201e+002
 3.096400e+000  7.786788e+002  1.143474e+002
 3.099160e+000  7.448338e+002  1.154465e+002
 3.101920e+000  6.097837e+002  1.145322e+002
 3.104680e+000  8.479115e+002  1.164404e+002
 3.107440e+000  7.373574e+002  1.148047e+002
 3.110200e+000  1.024883e+003  1.152989e+002
 3.112960e+000  8.304192e+002  1.163484e+002
 3.115720e+000  5.940733e+002  1.136075e+002
 3.118480e+000  8.309677e+002  1.153902e+002
 3.121240e+000  9.713192e+002  1.163825e+002
 3.124000e+000  9.690629e+002  1.154775e+002
 3.126760e+000  1.014662e+003  1.168751e+002
 3.129510e+000  8.100325e+002  1.151404e+002
 3.132270e+000  8.808694e+002  1.157914e+002
 3.135030e+000  8.847497e+002  1.159052e+002
 3.137790e+000  6.882766e+002  1.149341e+002
 3.140550e+000  9.821800e+002  1.159774e+002
 3.143310e+000  1.120737e+003  1.168579e+002
 3.146070e+000  8.853355e+002  1.157204e+002
 3.148830e+000  9.483668e+002  1.163686e+002
 3.151590e+000  8.716713e+002  1.152677e+002
 3.154350e+000  9.293345e+002  1.157394e+002
 3.157110e+000  6.419530e+002  1.142481e+002
 3.159870e+000  1.037861e+003  1.157478e+002
 3.162630e+000  9.528770e+002  1.151849e+002
 3.165390e+000  8.989817e+002  1.149384e+002
 3.168150e+000  8.039887e+002  1.151301e+002
 3.170910e+000  6.855383e+002  1.139926e+002
 3.173670e+000  8.296558e+002  1.149724e+002
 3.176430e+000  9.164658e+002  1.151665e+002
 3.179190e+000  1.042881e+003  1.148262e+002
 3.181950e+000  9.648481e+002  1.152711e+002
 3.184710e+000  8.268854e+002  1.141040e+002
 3.187470e+000  1.076078e+003  1.154210e+002
 3.190230e+000  9.195250e+002  1.153925e+002
 3.192990e+000  9.183132e+002  1.150548e+002
 3.195750e+000  7.201301e+002  1.141529e+002
 3.198510e+000  7.727870e+002  1.143297e+002
 3.201270e+000  8.728297e+002  1.139239e+002
 3.204020e+000  7.753973e+002  1.143499e+002
 3.206780e+000  7.306617e+002  1.136054e+002
 3.209540e+000  1.003466e+003  1.152717e+002
 3.212300e+000  7.409549e+002  1.132938e+002
 3.215060e+000  8.498579e+002  1.145828e+002
 3.217820e+000  9.354598e+002  1.148487e+002
 3.220580e+000  9.662512e+002  1.158988e+002
 3.223340e+000  6.632730e+002  1.139308e+002
 3.226100e+000  1.029999e+003  1.150420e+002
 3.228860e+000  8.545044e+002  1.148420e+002
 3.231620e+000  1.114708e+003  1.161198e+002
 3.234380e+000  8.735686e+002  1.146258e+002
 3.237140e+000  8.857129e+002  1.149328e+002
 3.239900e+000  6.543619e+002  1.138980e+002
 3.242660e+000  6.178271e+002  1.132594e+002
 3.245420e+000  7.946300e+002  1.143512e+002
 3.248180e+000  5.656850e+002  1.128621e+002
 3.250940e+000  8.382105e+002  1.146094e+002
 3.253700e+000  6.325850e+002  1.135157e+002
 3.256460e+000  8.135925e+002  1.145594e+002
 3.259220e+000  7.625003e+002  1.145065e+002
 3.261980e+000  8.943603e+002  1.143942e+002
 3.264740e+000  8.453675e+002  1.153475e+002
 3.267500e+000  7.927595e+002  1.150001e+002
 3.270260e+000  9.898036e+002  1.153936e+002
 3.273020e+000  8.650071e+002  1.144414e+002
 3.275780e+000  9.008688e+002  1.147949e+002
 3.278530e+000  8.839233e+002  1.150837e+002
 3.281290e+000  8.324236e+002  1.142853e+002
 3.284050e+000  9.321029e+002  1.149077e+002
 3.286810e+000  1.012551e+003  1.155464e+002
 3.289570e+000  8.777211e+002  1.151318e+002
 3.292330e+000  9.030637e+002  1.151316e+002
 3.295090e+000  8.266690e+002  1.146061e+002
 3.297850e+000  7.132171e+002  1.137552e+002
 3.300610e+000  6.207332e+002  1.139797e+002
 3.303370e+000  7.233149e+002  1.138427e+002
 3.306130e+000  7.688692e+002  1.146358e+002
 3.308890e+000  6.221817e+002  1.135773e+002
 3.311650e+000  7.793013e+002  1.143616e+002
 3.314410e+000  9.262033e+002  1.150042e+002
 3.317170e+000  7.214620e+002  1.133687e+002
 3.319930e+000  9.005831e+002  1.144672e+002
 3.322690e+000  8.183695e+002  1.149925e+002
 3.325450e+000  8.857593e+002  1.148978e+002
 3.328210e+000  8.349592e+002  1.147095e+002
 3.330970e+000  8.247413e+002  1.141996e+002
 3.333730e+000  8.908933e+002  1.150604e+002
 3.336490e+000  9.121494e+002  1.152677e+002
 3.339250e+000  8.578264e+002  1.147483e+002
 3.342010e+000  9.430028e+002  1.150377e+002
 3.344770e+000  6.385674e+002  1.141395e+002
 3.347530e+000  6.034627e+002  1.133779e+002
 3.350290e+000  7.498965e+002  1.136135e+002
 3.353040e+000  9.249546e+002  1.146617e+002
 3.355800e+000  7.770566e+002  1.147018e+002
 3.358560e+000  9.997237e+002  1.158456e+002
 3.361320e+000  1.056766e+003  1.158509e+002
 3.364080e+000  8.713596e+002  1.135104e+002
 3.366840e+000  8.207030e+002  1.138336e+002
 3.369600e+000  7.931352e+002  1.141655e+002
 3.372360e+000  4.946901e+002  1.131558e+002
 3.375120e+000  8.336081e+002  1.143013e+002
 3.377880e+000  7.472826e+002  1.136532e+002
 3.380640e+000  5.630971e+002  1.124792e+002
 3.383400e+000  7.432362e+002  1.132220e+002
 3.386160e+000  7.893813e+002  1.133355e+002
 3.388920e+000  9.181946e+002  1.139007e+002
 3.391680e+000  9.285718e+002  1.148289e+002
 3.394440e+000  7.732585e+002  1.170565e+002
 3.397200e+000  7.899798e+002  1.189398e+002
 3.399960e+000  7.303502e+002  1.196340e+002
 3.402720e+000  9.744923e+002  1.214366e+002
 3.405480e+000  6.790533e+002  1.221116e+002
 3.408240e+000  8.976707e+002  1.242782e+002
 3.411000e+000  7.351618e+002  1.235937e+002
 3.413760e+000  9.367721e+002  1.259220e+002
 3.416520e+000  8.425592e+002  1.261636e+002
 3.419280e+000  6.087841e+002  1.265135e+002
 3.422040e+000  7.192911e+002  1.273145e+002
 3.424800e+000  6.137224e+002  1.278396e+002
 3.427550e+000  7.614635e+002  1.293775e+002
 3.430310e+000  8.843461e+002  1.306889e+002
 3.433070e+000  6.538711e+002  1.293318e+002
 3.435830e+000  9.443139e+002  1.316683e+002
 3.438590e+000  7.462676e+002  1.317289e+002
 3.441350e+000  7.980990e+002  1.294708e+002
 3.444110e+000  7.881575e+002  1.264536e+002
 3.446870e+000  6.973964e+002  1.247086e+002
 3.449630e+000  7.429678e+002  1.245066e+002
 3.452390e+000  9.186794e+002  1.239936e+002
 3.455150e+000  7.485950e+002  1.231142e+002
 3.457910e+000  7.166244e+002  1.217417e+002
 3.460670e+000  8.788902e+002  1.228611e+002
 3.463430e+000  8.054952e+002  1.226565e+002
 3.466190e+000  6.515795e+002  1.216186e+002
 3.468950e+000  7.941505e+002  1.215890e+002
 3.471710e+000  8.162529e+002  1.207914e+002
 3.474470e+000  5.925079e+002  1.208238e+002
 3.477230e+000  5.803938e+002  1.205543e+002
 3.479990e+000  8.232425e+002  1.210776e+002
 3.482750e+000  7.682320e+002  1.203919e+002
 3.485510e+000  6.508666e+002  1.204112e+002
 3.488270e+000  8.756158e+002  1.211327e+002
 3.491030e+000  8.160096e+002  1.210996e+002
 3.493790e+000  6.022195e+002  1.193009e+002
 3.496550e+000  5.665113e+002  1.188600e+002
 3.499310e+000  5.882761e+002  1.194960e+002
 3.502060e+000  5.086807e+002  1.185059e+002
 3.504820e+000  7.308540e+002  1.193758e+002
 3.507580e+000  8.162862e+002  1.198425e+002
 3.510340e+000  7.700484e+002  1.195702e+002
 3.513100e+000  9.332041e+002  1.203297e+002
 3.515860e+000  6.494150e+002  1.180094e+002
 3.518620e+000  9.438153e+002  1.198578e+002
 3.521380e+000  7.249758e+002  1.192692e+002
 3.524140e+000  6.591235e+002  1.187273e+002
 3.526900e+000  9.452720e+002  1.198441e+002
 3.529660e+000  7.549035e+002  1.185655e+002
 3.532420e+000  9.086533e+002  1.202283e+002
 3.535180e+000  7.603622e+002  1.189606e+002
 3.537940e+000  8.737933e+002  1.189086e+002
 3.540700e+000  8.404574e+002  1.194052e+002
 3.543460e+000  8.815525e+002  1.192647e+002
 3.546220e+000  6.954050e+002  1.186752e+002
 3.548980e+000  7.446918e+002  1.185787e+002
 3.551740e+000  7.951847e+002  1.185502e+002
 3.554500e+000  6.458279e+002  1.181865e+002
 3.557260e+000  6.776080e+002  1.184975e+002
 3.560020e+000  8.140487e+002  1.195104e+002
 3.562780e+000  7.451380e+002  1.183092e+002
 3.565540e+000  7.733126e+002  1.180126e+002
 3.568300e+000  7.067797e+002  1.186548e+002
 3.571060e+000  4.799240e+002  1.176496e+002
 3.573820e+000  7.114253e+002  1.181375e+002
 3.576580e+000  7.324915e+002  1.182960e+002
 3.579330e+000  5.742362e+002  1.176778e+002
 3.582090e+000  6.679647e+002  1.183705e+002
 3.584850e+000  6.874745e+002  1.180293e+002
 3.587610e+000  7.096098e+002  1.176286e+002
 3.590370e+000  7.625582e+002  1.183293e+002
 3.593130e+000  7.730590e+002  1.187683e+002
 3.595890e+000  5.368706e+002  1.169364e+002
 3.598650e+000  6.297076e+002  1.171985e+002
 3.601410e+000  7.516351e+002  1.176804e+002
 3.604170e+000  5.946722e+002  1.176129e+002
 3.606930e+000  6.142403e+002  1.173963e+002
 3.609690e+000  7.407388e+002  1.173008e+002
 3.612450e+000  7.426749e+002  1.170901e+002
 3.615210e+000  6.329814e+002  1.174430e+002
 3.617970e+000  6.297019e+002  1.166671e+002
 3.620730e+000  7.780059e+002  1.169558e+002
 3.623490e+000  7.452421e+002  1.164104e+002
 3.626250e+000  5.588693e+002  1.162156e+002
 3.629010e+000  9.558960e+002  1.179097e+002
 3.631770e+000  7.980777e+002  1.170309e+002
 3.634530e+000  6.651415e+002  1.162298e+002
 3.637290e+000  9.323312e+002  1.176423e+002
 3.640050e+000  8.856416e+002  1.175994e+002
 3.642810e+000  1.047593e+003  1.181603e+002
 3.645570e+000  5.027834e+002  1.158424e+002
 3.648330e+000  5.326012e+002  1.156342e+002
 3.651090e+000  6.367040e+002  1.163747e+002
 3.653840e+000  6.773396e+002  1.165794e+002
 3.656600e+000  9.489364e+002  1.165899e+002
 3.659360e+000  5.297783e+002  1.158120e+002
 3.662120e+000  8.255892e+002  1.170529e+002
 3.664880e+000  3.815904e+002  1.152442e+002
 3.667640e+000  6.645856e+002  1.163626e+002
 3.670400e+000  7.790501e+002  1.163581e+002
 3.673160e+000  7.440417e+002  1.167034e+002
 3.675920e+000  5.891738e+002  1.154548e+002
 3.678680e+000  5.100966e+002  1.155645e+002
 3.681440e+000  6.133996e+002  1.158503e+002
 3.684200e+000  4.902523e+002  1.151782e+002
 3.686960e+000  6.962116e+002  1.166730e+002
 3.689720e+000  9.653937e+002  1.173619e+002
 3.692480e+000  7.925412e+002  1.162142e+002
 3.695240e+000  5.001635e+002  1.155533e+002
 3.698000e+000  8.422165e+002  1.180129e+002
 3.700760e+000  6.413326e+002  1.165206e+002
 3.703520e+000  6.759647e+002  1.157525e+002
 3.706280e+000  7.556914e+002  1.164293e+002
 3.709040e+000  6.311795e+002  1.163864e+002
 3.711800e+000  6.881451e+002  1.164934e+002
 3.714560e+000  6.988087e+002  1.163716e+002
 3.717320e+000  6.806859e+002  1.159334e+002
 3.720080e+000  5.161320e+002  1.156541e+002
 3.722840e+000  6.271677e+002  1.160983e+002
 3.725600e+000  9.432835e+002  1.170802e+002
 3.728350e+000  8.089268e+002  1.167556e+002
 3.731110e+000  8.145755e+002  1.172613e+002
 3.733870e+000  6.621407e+002  1.168883e+002
 3.736630e+000  4.717989e+002  1.154075e+002
 3.739390e+000  7.487620e+002  1.160680e+002
 3.742150e+000  6.131064e+002  1.158846e+002
 3.744910e+000  5.544854e+002  1.156628e+002
 3.747670e+000  5.769267e+002  1.161139e+002
 3.750430e+000  6.262015e+002  1.151541e+002
 3.753190e+000  9.001576e+002  1.170006e+002
 3.755950e+000  7.928171e+002  1.167506e+002
 3.758710e+000  6.513651e+002  1.164044e+002
 3.761470e+000  7.343496e+002  1.164492e+002
 3.764230e+000  5.087107e+002  1.152554e+002
 3.766990e+000  7.456762e+002  1.169340e+002
 3.769750e+000  8.088908e+002  1.172845e+002
 3.772510e+000  8.019009e+002  1.169397e+002
 3.775270e+000  4.384893e+002  1.139925e+002
 3.778030e+000  5.082299e+002  1.152208e+002
 3.780790e+000  8.712938e+002  1.176688e+002
 3.783550e+000  6.418835e+002  1.159328e+002
 3.786310e+000  7.505268e+002  1.164606e+002
 3.789070e+000  7.921230e+002  1.161847e+002
 3.791830e+000  6.403310e+002  1.161083e+002
 3.794590e+000  5.674677e+002  1.157806e+002
 3.797350e+000  6.370300e+002  1.159955e+002
 3.800110e+000  7.941306e+002  1.165461e+002
 3.802860e+000  5.983079e+002  1.156107e+002
 3.805620e+000  6.280824e+002  1.159429e+002
 3.808380e+000  7.253185e+002  1.160609e+002
 3.811140e+000  6.961518e+002  1.160365e+002
 3.813900e+000  6.717051e+002  1.164355e+002
 3.816660e+000  7.158023e+002  1.160584e+002
 3.819420e+000  8.798378e+002  1.173557e+002
 3.822180e+000  5.616681e+002  1.158938e+002
 3.824940e+000  6.825169e+002  1.153262e+002
 3.827700e+000  5.543731e+002  1.159235e+002
 3.830460e+000  6.862175e+002  1.161009e+002
 3.833220e+000  6.432582e+002  1.157098e+002
 3.835980e+000  5.868415e+002  1.156119e+002
 3.838740e+000  8.815568e+002  1.179975e+002
 3.841500e+000  7.678176e+002  1.169491e+002
 3.844260e+000  8.304969e+002  1.163346e+002
 3.847020e+000  9.024865e+002  1.169178e+002
 3.849780e+000  6.812788e+002  1.166864e+002
 3.852540e+000  6.108954e+002  1.156888e+002
 3.855300e+000  6.787324e+002  1.158660e+002
 3.858060e+000  8.539763e+002  1.164416e+002
 3.860820e+000  7.231891e+002  1.162598e+002
 3.863580e+000  7.579778e+002  1.172392e+002
 3.866340e+000  7.620264e+002  1.165671e+002
 3.869100e+000  7.427020e+002  1.163144e+002
 3.871860e+000  8.135419e+002  1.163552e+002
 3.874620e+000  8.618379e+002  1.164881e+002
 3.877370e+000  8.202773e+002  1.158569e+002
 3.880130e+000  7.077461e+002  1.150216e+002
 3.882890e+000  5.426964e+002  1.151209e+002
 3.885650e+000  9.734639e+002  1.170203e+002
 3.888410e+000  5.858135e+002  1.148848e+002
 3.891170e+000  6.145128e+002  1.145276e+002
 3.893930e+000  8.549404e+002  1.162001e+002
 3.896690e+000  8.377048e+002  1.160662e+002
 3.899450e+000  8.156164e+002  1.151893e+002
 3.902210e+000  5.348941e+002  1.137858e+002
 3.904970e+000  8.189627e+002  1.152104e+002
 3.907730e+000  6.869291e+002  1.151702e+002
 3.910490e+000  6.446457e+002  1.146906e+002
 3.913250e+000  7.382894e+002  1.147836e+002
 3.916010e+000  7.669251e+002  1.148493e+002
 3.918770e+000  8.455256e+002  1.165091e+002
 3.921530e+000  6.248260e+002  1.144148e+002
 3.924290e+000  9.053877e+002  1.163243e+002
 3.927050e+000  7.814396e+002  1.149126e+002
 3.929810e+000  6.375652e+002  1.143379e+002
 3.932570e+000  7.468649e+002  1.156198e+002
 3.935330e+000  5.889538e+002  1.142732e+002
 3.938090e+000  4.895834e+002  1.137398e+002
 3.940850e+000  7.271910e+002  1.153293e+002
 3.943610e+000  9.226639e+002  1.161730e+002
 3.946370e+000  8.300247e+002  1.160149e+002
 3.949130e+000  6.156915e+002  1.147469e+002
 3.951880e+000  6.746247e+002  1.144797e+002
 3.954640e+000  7.365699e+002  1.152273e+002
 3.957400e+000  6.925393e+002  1.150572e+002
 3.960160e+000  5.518961e+002  1.140772e+002
 3.962920e+000  7.983815e+002  1.144863e+002
 3.965680e+000  5.220755e+002  1.139884e+002
 3.968440e+000  7.042613e+002  1.154620e+002
 3.971200e+000  9.715065e+002  1.156548e+002
 3.973960e+000  6.840173e+002  1.149965e+002
 3.976720e+000  8.929064e+002  1.162641e+002
 3.979480e+000  7.041947e+002  1.196008e+002
 3.982240e+000  6.622267e+002  1.213309e+002
 3.985000e+000  8.439674e+002  1.232994e+002
 3.987760e+000  5.477613e+002  1.233952e+002
 3.990520e+000  5.983689e+002  1.255193e+002
 3.993280e+000  7.554439e+002  1.264990e+002
 3.996040e+000  6.351550e+002  1.274002e+002
 3.998800e+000  8.112335e+002  1.291187e+002
 4.001560e+000  9.022583e+002  1.312486e+002
 4.004320e+000  6.893657e+002  1.314785e+002
 4.007080e+000  6.201024e+002  1.302375e+002
 4.009840e+000  5.595859e+002  1.319270e+002
 4.012600e+000  6.130296e+002  1.326578e+002
 4.015360e+000  8.980881e+002  1.359119e+002
 4.018120e+000  5.960029e+002  1.335556e+002
 4.020880e+000  9.129430e+002  1.363625e+002
 4.023640e+000  8.011324e+002  1.379479e+002
 4.026400e+000  7.863184e+002  1.330583e+002
 4.029150e+000  5.138416e+002  1.283183e+002
 4.031910e+000  6.978320e+002  1.281008e+002
 4.034670e+000  7.156403e+002  1.277627e+002
 4.037430e+000  9.457258e+002  1.289033e+002
 4.040190e+000  7.927922e+002  1.272900e+002
 4.042950e+000  7.082290e+002  1.244906e+002
 4.045710e+000  8.579291e+002  1.258837e+002
 4.048470e+000  7.041212e+002  1.249118e+002
 4.051230e+000  5.161258e+002  1.234525e+002
 4.053990e+000  8.094427e+002  1.245436e+002
 4.056750e+000  7.384021e+002  1.247882e+002
 4.059510e+000  5.869603e+002  1.233882e+002
 4.062270e+000  7.463600e+002  1.235457e+002
 4.065030e+000  9.666169e+002  1.237469e+002
 4.067790e+000  8.162912e+002  1.231812e+002
 4.070550e+000  7.446729e+002  1.228011e+002
 4.073310e+000  8.058020e+002  1.237792e+002
 4.076070e+000  7.210447e+002  1.221771e+002
 4.078830e+000  7.351783e+002  1.214458e+002
 4.081590e+000  7.327050e+002  1.213046e+002
 4.084350e+000  7.383101e+002  1.213961e+002
 4.087110e+000  6.059637e+002  1.201023e+002
 4.089870e+000  8.507006e+002  1.206270e+002
 4.092630e+000  8.247382e+002  1.212366e+002
 4.095390e+000  6.883350e+002  1.200744e+002
 4.098150e+000  7.679272e+002  1.200280e+002
 4.100910e+000  7.410640e+002  1.189632e+002
 4.103660e+000  7.445919e+002  1.194356e+002
 4.106420e+000  6.349636e+002  1.195864e+002
 4.109180e+000  8.678403e+002  1.212035e+002
 4.111940e+000  6.981804e+002  1.184656e+002
 4.114700e+000  6.143295e+002  1.183919e+002
 4.117460e+000  8.307074e+002  1.206664e+002
 4.120220e+000  7.710814e+002  1.201907e+002
 4.122980e+000  8.755848e+002  1.204979e+002
 4.125740e+000  8.640175e+002  1.201415e+002
 4.128500e+000  8.348098e+002  1.203317e+002
 4.131260e+000  7.295951e+002  1.193712e+002
 4.134020e+000  6.783095e+002  1.189954e+002
 4.136780e+000  7.638440e+002  1.191858e+002
 4.139540e+000  7.139940e+002  1.190900e+002
 4.142300e+000  6.762622e+002  1.196074e+002
 4.145060e+000  7.135196e+002  1.195377e+002
 4.147820e+000  8.949441e+002  1.193197e+002
 4.150580e+000  7.236701e+002  1.187697e+002
 4.153340e+000  8.766806e+002  1.195961e+002
 4.156100e+000  7.304182e+002  1.191266e+002
 4.158860e+000  5.815465e+002  1.180019e+002
 4.161620e+000  8.506156e+002  1.198955e+002
 4.164380e+000  7.595719e+002  1.189607e+002
 4.167140e+000  8.179514e+002  1.194282e+002
 4.169900e+000  7.183047e+002  1.177508e+002
 4.172660e+000  7.328887e+002  1.188333e+002
 4.175420e+000  6.804781e+002  1.190613e+002
 4.178170e+000  8.226181e+002  1.196324e+002
 4.180930e+000  6.733598e+002  1.179334e+002
 4.183690e+000  5.335795e+002  1.173453e+002
 4.186450e+000  6.959826e+002  1.184807e+002
 4.189210e+000  7.742001e+002  1.183703e+002
 4.191970e+000  6.105893e+002  1.184336e+002
 4.194730e+000  4.773357e+002  1.172240e+002
 4.197490e+000  4.614527e+002  1.167674e+002
 4.200250e+000  8.634427e+002  1.190558e+002
 4.203010e+000  8.950309e+002  1.197712e+002
 4.205770e+000  6.371455e+002  1.175767e+002
 4.208530e+000  9.231031e+002  1.188522e+002
 4.211290e+000  6.851466e+002  1.177704e+002
 4.214050e+000  6.979692e+002  1.184191e+002
 4.216810e+000  7.484098e+002  1.176139e+002
 4.219570e+000  7.453614e+002  1.182384e+002
 4.222330e+000  7.647802e+002  1.185808e+002
 4.225090e+000  6.403205e+002  1.179329e+002
 4.227850e+000  7.610109e+002  1.183708e+002
 4.230610e+000  6.860335e+002  1.176753e+002
 4.233370e+000  7.959435e+002  1.188055e+002
 4.236130e+000  1.073105e+003  1.196463e+002
 4.238890e+000  5.504338e+002  1.171832e+002
 4.241650e+000  6.526129e+002  1.171357e+002
 4.244410e+000  8.372983e+002  1.188945e+002
 4.247170e+000  5.457153e+002  1.170620e+002
 4.249930e+000  8.336147e+002  1.182705e+002
 4.252680e+000  7.041909e+002  1.171576e+002
 4.255440e+000  8.944079e+002  1.187935e+002
 4.258200e+000  7.638121e+002  1.185621e+002
 4.260960e+000  7.902302e+002  1.180428e+002
 4.263720e+000  7.383645e+002  1.176577e+002
 4.266480e+000  6.316512e+002  1.173286e+002
 4.269240e+000  7.448469e+002  1.177063e+002
 4.272000e+000  6.805336e+002  1.178161e+002
 4.274760e+000  7.202113e+002  1.174221e+002
 4.277520e+000  5.771682e+002  1.165133e+002
 4.280280e+000  7.923041e+002  1.175817e+002
 4.283040e+000  7.275769e+002  1.177189e+002
 4.285800e+000  6.172308e+002  1.164446e+002
 4.288560e+000  7.614838e+002  1.175260e+002
 4.291320e+000  7.942427e+002  1.181871e+002
 4.294080e+000  7.007522e+002  1.171204e+002
 4.296840e+000  8.506118e+002  1.179902e+002
 4.299600e+000  7.392101e+002  1.171945e+002
 4.302360e+000  6.670705e+002  1.172830e+002
 4.305120e+000  7.823577e+002  1.176525e+002
 4.307880e+000  7.484182e+002  1.177699e+002
 4.310640e+000  6.339775e+002  1.164524e+002
 4.313400e+000  7.584628e+002  1.175090e+002
 4.316160e+000  7.784941e+002  1.177148e+002
 4.318920e+000  7.863396e+002  1.175475e+002
 4.321680e+000  7.689639e+002  1.178290e+002
 4.324440e+000  4.668837e+002  1.155012e+002
 4.327190e+000  6.881016e+002  1.174361e+002
 4.329950e+000  7.771575e+002  1.173362e+002
 4.332710e+000  5.666717e+002  1.158273e+002
 4.335470e+000  6.447934e+002  1.162926e+002
 4.338230e+000  5.582048e+002  1.160724e+002
 4.340990e+000  5.216612e+002  1.160368e+002
 4.343750e+000  8.493952e+002  1.182894e+002
 4.346510e+000  7.683117e+002  1.175320e+002
 4.349270e+000  7.784308e+002  1.176532e+002
 4.352030e+000  7.223475e+002  1.169405e+002
 4.354790e+000  8.090702e+002  1.175974e+002
 4.357550e+000  7.590301e+002  1.174093e+002
 4.360310e+000  8.783007e+002  1.181260e+002
 4.363070e+000  6.134418e+002  1.170406e+002
 4.365830e+000  8.934464e+002  1.180121e+002
 4.368590e+000  6.383375e+002  1.163990e+002
 4.371350e+000  6.460338e+002  1.167507e+002
 4.374110e+000  6.048579e+002  1.165484e+002
 4.376870e+000  7.432880e+002  1.173152e+002
 4.379630e+000  6.164511e+002  1.167554e+002
 4.382390e+000  5.931831e+002  1.162323e+002
 4.385150e+000  7.018920e+002  1.170185e+002
 4.387910e+000  7.985529e+002  1.168819e+002
 4.390670e+000  7.872255e+002  1.168716e+002
 4.393430e+000  7.209327e+002  1.166104e+002
 4.396190e+000  7.883693e+002  1.170020e+002
 4.398950e+000  5.220131e+002  1.154804e+002
 4.401700e+000  7.225965e+002  1.164818e+002
 4.404460e+000  6.265972e+002  1.149067e+002
 4.407220e+000  7.494935e+002  1.160500e+002
 4.409980e+000  7.303937e+002  1.156415e+002
 4.412740e+000  6.869796e+002  1.158915e+002
 4.415500e+000  8.372000e+002  1.158123e+002
 4.418260e+000  7.317744e+002  1.155915e+002
 4.421020e+000  6.778899e+002  1.153542e+002
 4.423780e+000  6.923770e+002  1.154941e+002
 4.426540e+000  5.771920e+002  1.146321e+002
 4.429300e+000  7.576961e+002  1.157921e+002
 4.432060e+000  7.094682e+002  1.158204e+002
 4.434820e+000  8.344580e+002  1.154366e+002
 4.437580e+000  7.073902e+002  1.144587e+002
 4.440340e+000  4.905644e+002  1.136761e+002
 4.443100e+000  7.167347e+002  1.153849e+002
 4.445860e+000  6.638969e+002  1.149723e+002
 4.448620e+000  8.156434e+002  1.159989e+002
 4.451380e+000  6.986917e+002  1.144395e+002
 4.454140e+000  7.392760e+002  1.153745e+002
 4.456900e+000  4.964330e+002  1.140902e+002
 4.459660e+000  6.237137e+002  1.148291e+002
 4.462420e+000  6.230811e+002  1.147474e+002
 4.465180e+000  8.415700e+002  1.162877e+002
 4.467940e+000  6.303000e+002  1.142870e+002
 4.470700e+000  9.329180e+002  1.163437e+002
 4.473460e+000  4.884787e+002  1.143720e+002
 4.476220e+000  7.484517e+002  1.155227e+002
 4.478970e+000  6.332246e+002  1.157465e+002
 4.481730e+000  9.171444e+002  1.158370e+002
 4.484490e+000  7.064325e+002  1.151322e+002
 4.487250e+000  5.636260e+002  1.145860e+002
 4.490010e+000  7.770776e+002  1.151952e+002
 4.492770e+000  8.924083e+002  1.163159e+002
 4.495530e+000  8.194701e+002  1.157461e+002
 4.498290e+000  7.138634e+002  1.150261e+002
 4.501050e+000  7.580709e+002  1.160855e+002
 4.503810e+000  6.281282e+002  1.148491e+002
 4.506570e+000  7.581830e+002  1.158552e+002
 4.509330e+000  6.559919e+002  1.147691e+002
 4.512090e+000  7.733264e+002  1.157212e+002
 4.514850e+000  6.503233e+002  1.151636e+002
 4.517610e+000  8.587436e+002  1.164097e+002
 4.520370e+000  8.122631e+002  1.151057e+002
 4.523130e+000  7.995438e+002  1.157040e+002
 4.525890e+000  8.232184e+002  1.160172e+002
 4.528650e+000  8.084361e+002  1.156688e+002
 4.531410e+000  7.864752e+002  1.153562e+002
 4.534170e+000  6.341675e+002  1.151027e+002
 4.536930e+000  8.147076e+002  1.161333e+002
 4.539690e+000  7.815738e+002  1.155398e+002
 4.542450e+000  6.528913e+002  1.157091e+002
 4.545210e+000  7.311738e+002  1.153076e+002
 4.547970e+000  8.439626e+002  1.158025e+002
 4.550730e+000  8.610063e+002  1.158836e+002
 4.553480e+000  7.420926e+002  1.153084e+002
 4.556240e+000  5.959122e+002  1.140123e+002
 4.559000e+000  8.342738e+002  1.159924e+002
 4.561760e+000  8.935829e+002  1.167753e+002
 4.564520e+000  8.643529e+002  1.206727e+002
 4.567280e+000  5.611102e+002  1.206442e+002
 4.570040e+000  8.663919e+002  1.241635e+002
 4.572800e+000  9.761852e+002  1.262390e+002
 4.575560e+000  7.743346e+002  1.263579e+002
 4.578320e+000  8.015339e+002  1.271087e+002
 4.581080e+000  1.067270e+003  1.300190e+002
 4.583840e+000  6.010375e+002  1.286095e+002
 4.586600e+000  7.999317e+002  1.310283e+002
 4.589360e+000  6.740341e+002  1.311946e+002
 4.592120e+000  9.791537e+002  1.325997e+002
 4.594880e+000  7.818729e+002  1.340248e+002
 4.597640e+000  9.305566e+002  1.349878e+002
 4.600400e+000  8.797796e+002  1.355448e+002
 4.603160e+000  6.651529e+002  1.345108e+002
 4.605920e+000  9.104365e+002  1.367221e+002
 4.608680e+000  7.298190e+002  1.380091e+002
 4.611440e+000  6.359357e+002  1.385912e+002
 4.614200e+000  6.853525e+002  1.385907e+002
 4.616960e+000  8.341564e+002  1.401327e+002
 4.619720e+000  7.611873e+002  1.418831e+002
 4.622480e+000  5.420821e+002  1.411921e+002
 4.625240e+000  5.447073e+002  1.406530e+002
 4.627990e+000  5.331338e+002  1.428171e+002
 4.630750e+000  7.280708e+002  1.458554e+002
 4.633510e+000  6.867133e+002  1.452325e+002
 4.636270e+000  5.474300e+002  1.458947e+002
 4.639030e+000  8.837805e+002  1.477314e+002
 4.641790e+000  8.602923e+002  1.486010e+002
 4.644550e+000  8.907904e+002  1.504965e+002
 4.647310e+000  8.463048e+002  1.508012e+002
 4.650070e+000  6.052043e+002  1.497606e+002
 4.652830e+000  9.554376e+002  1.534943e+002
 4.655590e+000  9.179825e+002  1.543420e+002
 4.658350e+000  1.177750e+003  1.559702e+002
 4.661110e+000  7.387944e+002  1.531873e+002
 4.663870e+000  7.345862e+002  1.549613e+002
 4.666630e+000  6.948409e+002  1.552951e+002
 4.669390e+000  4.707101e+002  1.562226e+002
 4.672150e+000  7.023552e+002  1.566504e+002
 4.674910e+000  8.003023e+002  1.586425e+002
 4.677670e+000  7.302094e+002  1.601964e+002
 4.680430e+000  8.537594e+002  1.623630e+002
 4.683190e+000  6.618748e+002  1.611566e+002
 4.685950e+000  9.959962e+002  1.645288e+002
 4.688710e+000  9.213001e+002  1.644153e+002
 4.691470e+000  6.047126e+002  1.637101e+002
 4.694230e+000  1.062158e+003  1.695557e+002
 4.696990e+000  7.203417e+002  1.664031e+002
 4.699750e+000  3.893435e+002  1.652038e+002
 4.702500e+000  7.549654e+002  1.703165e+002
 4.705260e+000  5.100815e+002  1.701150e+002
 4.708020e+000  6.691630e+002  1.702104e+002
 4.710780e+000  6.019642e+002  1.706763e+002
 4.713540e+000  7.221912e+002  1.735863e+002
 4.716300e+000  4.886407e+002  1.730572e+002
 4.719060e+000  9.539708e+002  1.754664e+002
 4.721820e+000  8.697055e+002  1.779765e+002
 4.724580e+000  5.438248e+002  1.777455e+002
 4.727340e+000  8.331061e+002  1.795693e+002
 4.730100e+000  8.124045e+002  1.799622e+002
 4.732860e+000  6.287095e+002  1.789941e+002
 4.735620e+000  1.033597e+003  1.860167e+002
 4.738380e+000  8.144223e+002  1.846431e+002
 4.741140e+000  5.338118e+002  1.827621e+002
 4.743900e+000  5.937232e+002  1.840903e+002
 4.746660e+000  5.875285e+002  1.856613e+002
 4.749420e+000  6.654850e+002  1.878625e+002
 4.752180e+000  7.462872e+002  1.908115e+002
 4.754940e+000  1.020457e+003  1.931761e+002
 4.757700e+000  7.839482e+002  1.932256e+002
 4.760460e+000  8.373707e+002  1.949473e+002
 4.763220e+000  9.091453e+002  1.967353e+002
 4.765980e+000  5.222375e+002  1.931795e+002
 4.768740e+000  8.867333e+002  1.988526e+002
 4.771500e+000  9.252427e+002  2.021490e+002
 4.774260e+000  8.228523e+002  2.011177e+002
 4.777010e+000  3.982405e+002  1.964593e+002
 4.779770e+000  4.008725e+002  2.007603e+002
 4.782530e+000  8.070190e+002  2.049397e+002
 4.785290e+000  6.864761e+002  2.090983e+002
 4.788050e+000  9.771182e+002  2.112254e+002
 4.790810e+000  9.435033e+002  2.120154e+002
 4.793570e+000  7.649327e+002  2.121873e+002
 4.796330e+000  8.684337e+002  2.142744e+002
 4.799090e+000  1.042655e+003  2.193008e+002
 4.801850e+000  8.892111e+002  2.166285e+002
 4.804610e+000  9.779679e+002  2.223761e+002
 4.807370e+000  5.395375e+002  2.195233e+002
 4.810130e+000  5.072008e+002  2.210558e+002
 4.812890e+000  6.356316e+002  2.217558e+002
 4.815650e+000  6.499813e+002  2.235059e+002
 4.818410e+000  9.812481e+002  2.304032e+002
 4.821170e+000  4.313886e+002  2.290595e+002
 4.823930e+000  4.492925e+002  2.274165e+002
 4.826690e+000  1.039982e+003  2.363849e+002
 4.829450e+000  9.288077e+002  2.398008e+002
 4.832210e+000  8.850228e+002  2.419900e+002
 4.834970e+000  7.879721e+002  2.398718e+002
 4.837730e+000  6.067337e+002  2.442182e+002
 4.840490e+000  8.111807e+002  2.464674e+002
 4.843250e+000  7.423944e+002  2.492215e+002
 4.846010e+000  9.750005e+002  2.547766e+002
 4.848770e+000  6.265695e+002  2.475003e+002
 4.851520e+000  7.473128e+002  2.573959e+002
 4.854280e+000  8.467326e+002  2.607519e+002
 4.857040e+000  6.416085e+002  2.642770e+002
 4.859800e+000  1.165658e+002  2.569438e+002
 4.862560e+000  7.361167e+002  2.677429e+002
 4.865320e+000  1.148310e+003  2.776645e+002
 4.868080e+000  4.451463e+002  2.737860e+002
 4.870840e+000  7.038996e+002  2.733089e+002
 4.873600e+000  5.585886e+002  2.780307e+002
 4.876360e+000  6.473641e+002  2.825138e+002
 4.879120e+000  6.266121e+002  2.888805e+002
 4.881880e+000  6.992464e+002  2.867377e+002
 4.884640e+000  1.002064e+003  2.955832e+002
 4.887400e+000  6.202461e+002  3.021865e+002
 4.890160e+000  1.120621e+003  3.080603e+002
 4.892920e+000  6.923412e+002  3.071626e+002
 4.895680e+000  8.590091e+002  3.100307e+002
 4.898440e+000  1.207532e+003  3.233642e+002
 4.901200e+000  4.785708e+002  3.209043e+002
 4.903960e+000  3.253578e+002  3.301935e+002
 4.906720e+000  9.685427e+002  3.242287e+002
 4.909480e+000  7.784173e+002  3.417395e+002
 4.912240e+000  7.737359e+002  3.437174e+002
 4.915000e+000  4.466411e+002  3.543369e+002
 4.917760e+000  1.018874e+003  3.476129e+002
 4.920520e+000  5.516097e+002  3.583182e+002
 4.923280e+000  6.161613e+002  3.608259e+002
 4.926040e+000  4.589581e+002  3.666798e+002
 4.928790e+000  7.912599e+002  3.674350e+002
 4.931550e+000  3.265235e+002  3.677698e+002
 4.934310e+000  5.788185e+002  3.803975e+002
 4.937070e+000  1.047640e+003  3.931001e+002
 4.939830e+000  9.029943e+002  3.866019e+002
 4.942590e+000  2.368179e+002  3.787033e+002
 4.945350e+000  5.317141e+002  3.965229e+002
 4.948110e+000  6.253782e+002  3.990120e+002
 4.950870e+000  4.020613e+002  4.050357e+002
 4.953630e+000  1.457124e+002  3.851134e+002
 4.956390e+000  4.489066e+002  3.993090e+002
 4.959150e+000  4.613513e+002  4.244382e+002
 4.961910e+000  9.950295e+002  4.360315e+002
 4.964670e+000  9.795318e+002  4.275711e+002
 4.967430e+000  1.100962e+003  4.397982e+002
 4.970190e+000  5.505904e+002  4.481729e+002
 4.972950e+000  5.158299e+002  4.584546e+002
 4.975710e+000  5.451207e+002  4.577297e+002
 4.978470e+000  1.783491e+003  4.849579e+002
 4.981230e+000  9.189226e+002  4.679123e+002
 4.983990e+000  6.736667e+002  4.849206e+002
 4.986750e+000  8.207172e+002  4.923854e+002
 4.989510e+000  7.965575e+002  4.844608e+002
 4.992270e+000  1.784758e+002  4.902603e+002
 4.995030e+000 -4.939604e+002  4.921768e+002
 4.997790e+000  3.690642e+002  5.160604e+002
 5.000550e+000  7.623411e+002  5.236640e+002
 5.003300e+000  9.796194e+002  5.396448e+002
 5.006060e+000  1.552629e+003  5.549856e+002
 5.008820e+000  1.652254e+003  5.889905e+002
 5.011580e+000  1.055148e+003  5.666793e+002
 5.014340e+000  1.626339e+003  5.909306e+002
 5.017100e+000  1.047715e+003  6.056207e+002
 5.019860e+000  1.333683e+003  6.260817e+002
 5.022620e+000  1.333692e+003  6.357551e+002
 5.025380e+000  1.647226e+003  6.696232e+002
 5.028140e+000  1.194632e+003  6.831574e+002
 5.030900e+000 -3.566874e+002  6.493322e+002
 5.033660e+000 -3.274479e+002  6.852074e+002
 5.036420e+000  1.342071e+003  7.044085e+002
 5.039180e+000  8.778319e+002  7.645665e+002
 5.041940e+000  4.340358e+002  7.620918e+002
 5.044700e+000  7.868480e+002  8.162251e+002
 5.047460e+000  7.309047e+002  8.165057e+002
 5.050220e+000  1.466919e+003  9.055688e+002
 5.052980e+000 -1.992608e+002  8.838134e+002
 5.055740e+000  1.790388e+003  1.088702e+003
 5.058500e+000 -1.544290e+002  1.011488e+003
 5.061260e+000  1.026763e+003  1.059959e+003
 5.064020e+000 -4.724009e+002  1.152544e+003
range-from: 1
range-to: 1827
Bragg Angle [mrad]: 10.953
Buffer: buffer
Code: BSA_pI_buffer
Concentration [mg/ml]: 14.3167
Contrast [10^10cm^-2]: 2.953
Detector Position: 2
Diode 1: .0000
Diode 2: .0000
Exposure Delay [s]: 0.000
Exposure period [s]: 0.050
Exposure time [s]: 0.045
PETRA Current: 100.4900
Partial Specific Volume [cm^3/g]: 0.732
QBPM 1: .0000
Run Number: 7.0000
SC Current Temperature: 21.1667
SC Target Temperature: nan
SEU Current Temperature: 20.4333
SEU Target Temperature: nan
Sample: BSA_pI
Transmitted Beam (mean): .3333
Wavelength [nm]: 1.240
angular-axis-file: etc/radial-averaging/saxs-2/saxis_saxs2_20170822.dat
angular-unit: nanometer
beam-center-x: 667.1000
beam-center-y: 1652.2000
beamstop-mask-file: etc/radial-averaging/saxs-2/mask_saxs2_20170822.msk
channel-first: 7
channel-last: 1833
detector-response-file: none
flatfield-file: none
unit-time: 100.0000
working-directory: /dataInt/p12/graewert/2017-09-15/BatchMode3
parent: C:/Users/Надюсик-лапатусик/YandexDisk-station.rsa/BatchMode3/analysis/processed/subtracted/BSA_pI_buffer_0004_sub.dat
parent: C:/Users/Надюсик-лапатусик/YandexDisk-station.rsa/BatchMode3/analysis/processed/subtracted/BSA_pI_buffer_0007_sub.dat
parent: C:/Users/Надюсик-лапатусик/YandexDisk-station.rsa/BatchMode3/analysis/processed/subtracted/BSA_pI_buffer_0010_sub.dat
parent: 
parent: 
creator: datmerge
creator-version: v0.3 (r9682)
datmerge-scale: 1.0000
datmerge-scale: .9511
datmerge-scale: .9218
